Date,High,Low,Open,Close,Volume,Adj Close,Name
2018-01-02,64.80999755859375,63.560001373291016,64.26000213623047,64.76000213623047,2715300,64.76000213623047,KMX
2018-01-03,67.0,64.80000305175781,65.0,66.94000244140625,4195800,66.94000244140625,KMX
2018-01-04,68.95999908447266,67.25,67.25,68.25,4085700,68.25,KMX
2018-01-05,71.16999816894531,68.5,68.5,71.04000091552734,3797000,71.04000091552734,KMX
2018-01-08,72.19000244140625,69.41000366210938,71.9000015258789,70.05000305175781,3627300,70.05000305175781,KMX
2018-01-09,69.97000122070312,69.02999877929688,69.83999633789062,69.80000305175781,2361900,69.80000305175781,KMX
2018-01-10,70.33999633789062,69.30000305175781,69.75,70.30000305175781,2131700,70.30000305175781,KMX
2018-01-11,72.11000061035156,70.43000030517578,70.43000030517578,71.91000366210938,1936300,71.91000366210938,KMX
2018-01-12,72.80999755859375,71.76000213623047,71.81999969482422,72.33000183105469,1904800,72.33000183105469,KMX
2018-01-16,72.87999725341797,71.0199966430664,72.70999908447266,71.33000183105469,1521200,71.33000183105469,KMX
2018-01-17,71.55999755859375,69.73999786376953,71.36000061035156,69.83999633789062,1659100,69.83999633789062,KMX
2018-01-18,71.63999938964844,70.2300033569336,71.63999938964844,70.54000091552734,1159500,70.54000091552734,KMX
2018-01-19,70.93000030517578,69.87999725341797,70.93000030517578,70.58000183105469,1202800,70.58000183105469,KMX
2018-01-22,71.56999969482422,70.62000274658203,70.94999694824219,71.48999786376953,1767500,71.48999786376953,KMX
2018-01-23,71.41999816894531,69.79000091552734,71.41999816894531,70.54000091552734,1643700,70.54000091552734,KMX
2018-01-24,71.18000030517578,70.19999694824219,70.62999725341797,70.94999694824219,1345200,70.94999694824219,KMX
2018-01-25,71.72000122070312,71.02999877929688,71.37000274658203,71.54000091552734,1347500,71.54000091552734,KMX
2018-01-26,72.41999816894531,71.19999694824219,71.83000183105469,72.41999816894531,1104600,72.41999816894531,KMX
2018-01-29,72.55000305175781,71.83000183105469,72.33000183105469,72.36000061035156,1387300,72.36000061035156,KMX
2018-01-30,72.26000213623047,71.20999908447266,71.7699966430664,71.81999969482422,2077700,71.81999969482422,KMX
2018-01-31,72.55000305175781,71.04000091552734,72.13999938964844,71.37000274658203,2280200,71.37000274658203,KMX
2018-02-01,71.05000305175781,70.04000091552734,71.0,70.80999755859375,1266300,70.80999755859375,KMX
2018-02-02,70.7300033569336,68.73999786376953,70.5999984741211,68.75,2090200,68.75,KMX
2018-02-05,68.19999694824219,64.80999755859375,68.08000183105469,64.81999969482422,6223000,64.81999969482422,KMX
2018-02-06,66.1500015258789,63.5099983215332,63.5099983215332,65.31999969482422,3749200,65.31999969482422,KMX
2018-02-07,66.05999755859375,64.58999633789062,64.88999938964844,65.4000015258789,1880200,65.4000015258789,KMX
2018-02-08,65.93000030517578,64.33000183105469,65.20999908447266,64.33999633789062,3096600,64.33999633789062,KMX
2018-02-09,65.33000183105469,62.439998626708984,64.93000030517578,64.48999786376953,3080100,64.48999786376953,KMX
2018-02-12,66.16000366210938,64.45999908447266,65.55999755859375,65.66000366210938,1473200,65.66000366210938,KMX
2018-02-13,65.29000091552734,62.310001373291016,65.22000122070312,63.38999938964844,2663400,63.38999938964844,KMX
2018-02-14,64.25,62.630001068115234,62.79999923706055,63.779998779296875,2730900,63.779998779296875,KMX
2018-02-15,64.36000061035156,59.70000076293945,62.27000045776367,64.33000183105469,3921300,64.33000183105469,KMX
2018-02-16,64.94000244140625,63.790000915527344,64.2699966430664,64.43000030517578,1445600,64.43000030517578,KMX
2018-02-20,64.81999969482422,63.16999816894531,64.1500015258789,63.310001373291016,1926900,63.310001373291016,KMX
2018-02-21,63.52000045776367,60.91999816894531,63.52000045776367,60.97999954223633,3071600,60.97999954223633,KMX
2018-02-22,62.08000183105469,60.869998931884766,61.220001220703125,61.040000915527344,1552300,61.040000915527344,KMX
2018-02-23,62.95000076293945,61.20000076293945,61.5099983215332,62.7599983215332,1511300,62.7599983215332,KMX
2018-02-26,63.25,62.16999816894531,62.849998474121094,62.88999938964844,1054000,62.88999938964844,KMX
2018-02-27,63.279998779296875,62.029998779296875,62.709999084472656,62.040000915527344,1474700,62.040000915527344,KMX
2018-02-28,63.310001373291016,61.86000061035156,62.119998931884766,61.91999816894531,1815200,61.91999816894531,KMX
2018-03-01,62.20000076293945,59.93000030517578,62.20000076293945,60.060001373291016,2078300,60.060001373291016,KMX
2018-03-02,60.13999938964844,59.029998779296875,59.72999954223633,59.970001220703125,2130400,59.970001220703125,KMX
2018-03-05,60.599998474121094,58.970001220703125,59.45000076293945,60.459999084472656,4780000,60.459999084472656,KMX
2018-03-06,61.7599983215332,60.209999084472656,60.84000015258789,61.4900016784668,2105200,61.4900016784668,KMX
2018-03-07,61.0,60.150001525878906,60.83000183105469,60.720001220703125,1670000,60.720001220703125,KMX
2018-03-08,61.060001373291016,60.40999984741211,60.939998626708984,60.7599983215332,1097900,60.7599983215332,KMX
2018-03-09,62.560001373291016,60.54999923706055,61.06999969482422,62.43000030517578,1788000,62.43000030517578,KMX
2018-03-12,63.18000030517578,62.40999984741211,62.650001525878906,62.5,1680600,62.5,KMX
2018-03-13,63.54999923706055,62.0099983215332,62.77000045776367,62.619998931884766,2322700,62.619998931884766,KMX
2018-03-14,63.220001220703125,62.099998474121094,63.0,62.79999923706055,1652600,62.79999923706055,KMX
2018-03-15,63.0,62.029998779296875,62.970001220703125,62.16999816894531,1297400,62.16999816894531,KMX
2018-03-16,63.380001068115234,62.04999923706055,62.209999084472656,62.869998931884766,1992700,62.869998931884766,KMX
2018-03-19,63.11000061035156,61.849998474121094,62.81999969482422,62.4900016784668,2205000,62.4900016784668,KMX
2018-03-20,62.630001068115234,61.2400016784668,61.77000045776367,61.93000030517578,2199100,61.93000030517578,KMX
2018-03-21,62.45000076293945,61.5,61.63999938964844,61.5099983215332,1528400,61.5099983215332,KMX
2018-03-22,61.56999969482422,59.97999954223633,61.150001525878906,60.0,1924700,60.0,KMX
2018-03-23,60.58000183105469,59.31999969482422,60.209999084472656,59.36000061035156,1672800,59.36000061035156,KMX
2018-03-26,60.7400016784668,59.54999923706055,60.41999816894531,60.59000015258789,1327800,60.59000015258789,KMX
2018-03-27,61.11000061035156,59.59000015258789,60.59000015258789,59.75,3134700,59.75,KMX
2018-03-28,60.970001220703125,59.58000183105469,60.040000915527344,60.63999938964844,2505100,60.63999938964844,KMX
2018-03-29,62.54999923706055,60.63999938964844,60.63999938964844,61.939998626708984,2180600,61.939998626708984,KMX
2018-04-02,61.83000183105469,59.34000015258789,61.52000045776367,59.91999816894531,2745400,59.91999816894531,KMX
2018-04-03,60.54999923706055,59.20000076293945,59.970001220703125,59.959999084472656,3319200,59.959999084472656,KMX
2018-04-04,62.880001068115234,57.04999923706055,57.91999816894531,62.72999954223633,5087200,62.72999954223633,KMX
2018-04-05,63.540000915527344,61.2400016784668,63.540000915527344,62.2400016784668,2822500,62.2400016784668,KMX
2018-04-06,62.61000061035156,59.869998931884766,61.68000030517578,60.29999923706055,2296700,60.29999923706055,KMX
2018-04-09,60.869998931884766,58.65999984741211,60.70000076293945,58.77000045776367,2804500,58.77000045776367,KMX
2018-04-10,60.88999938964844,59.0,59.86000061035156,60.81999969482422,2354300,60.81999969482422,KMX
2018-04-11,60.75,59.650001525878906,60.29999923706055,60.5,1433300,60.5,KMX
2018-04-12,61.599998474121094,60.369998931884766,60.619998931884766,61.0,2121400,61.0,KMX
2018-04-13,63.029998779296875,61.08000183105469,61.36000061035156,61.720001220703125,2873700,61.720001220703125,KMX
2018-04-16,62.790000915527344,61.279998779296875,62.040000915527344,62.0,1237700,62.0,KMX
2018-04-17,63.43000030517578,62.560001373291016,62.77000045776367,62.970001220703125,1344400,62.970001220703125,KMX
2018-04-18,64.18000030517578,63.060001373291016,63.310001373291016,63.27000045776367,1550300,63.27000045776367,KMX
2018-04-19,63.68000030517578,62.13999938964844,63.4900016784668,62.56999969482422,1308900,62.56999969482422,KMX
2018-04-20,62.9900016784668,60.869998931884766,62.560001373291016,61.15999984741211,1388300,61.15999984741211,KMX
2018-04-23,61.59000015258789,60.63999938964844,61.130001068115234,61.36000061035156,1242700,61.36000061035156,KMX
2018-04-24,62.97999954223633,61.02000045776367,61.83000183105469,61.31999969482422,1581000,61.31999969482422,KMX
2018-04-25,62.27000045776367,61.06999969482422,61.06999969482422,62.09000015258789,1292600,62.09000015258789,KMX
2018-04-26,62.709999084472656,61.369998931884766,62.70000076293945,62.09000015258789,1215000,62.09000015258789,KMX
2018-04-27,63.029998779296875,62.220001220703125,62.33000183105469,62.86000061035156,1459900,62.86000061035156,KMX
2018-04-30,63.65999984741211,62.5,63.02000045776367,62.5,1122000,62.5,KMX
2018-05-01,63.540000915527344,62.15999984741211,62.2400016784668,63.540000915527344,1299100,63.540000915527344,KMX
2018-05-02,64.2699966430664,62.93000030517578,63.189998626708984,63.52000045776367,1250300,63.52000045776367,KMX
2018-05-03,64.11000061035156,62.86000061035156,63.369998931884766,63.31999969482422,1139100,63.31999969482422,KMX
2018-05-04,65.16999816894531,63.02000045776367,63.060001373291016,64.95999908447266,1214400,64.95999908447266,KMX
2018-05-07,65.27999877929688,64.1500015258789,65.08999633789062,64.16999816894531,1705000,64.16999816894531,KMX
2018-05-08,64.18000030517578,62.47999954223633,63.849998474121094,63.150001525878906,2068300,63.150001525878906,KMX
2018-05-09,64.62999725341797,63.06999969482422,63.81999969482422,64.11000061035156,1440800,64.11000061035156,KMX
2018-05-10,64.41999816894531,63.189998626708984,64.41999816894531,63.279998779296875,1756900,63.279998779296875,KMX
2018-05-11,63.900001525878906,63.119998931884766,63.189998626708984,63.79999923706055,1192300,63.79999923706055,KMX
2018-05-14,64.91999816894531,63.77000045776367,63.77000045776367,64.77999877929688,1648000,64.77999877929688,KMX
2018-05-15,65.22000122070312,64.47000122070312,64.5999984741211,65.0,1509100,65.0,KMX
2018-05-16,66.56999969482422,64.98999786376953,64.98999786376953,65.9000015258789,1643700,65.9000015258789,KMX
2018-05-17,66.94000244140625,65.5999984741211,65.98999786376953,66.72000122070312,1253500,66.72000122070312,KMX
2018-05-18,66.80999755859375,65.58000183105469,66.54000091552734,65.87000274658203,1240400,65.87000274658203,KMX
2018-05-21,66.7699966430664,65.91000366210938,66.13999938964844,66.47000122070312,901300,66.47000122070312,KMX
2018-05-22,66.94000244140625,65.08999633789062,66.94000244140625,65.16000366210938,1143400,65.16000366210938,KMX
2018-05-23,67.5999984741211,64.76000213623047,64.87999725341797,66.0199966430664,2566000,66.0199966430664,KMX
2018-05-24,66.9800033569336,65.6500015258789,65.94000244140625,66.80999755859375,1483900,66.80999755859375,KMX
2018-05-25,67.77999877929688,66.41000366210938,66.66999816894531,67.27999877929688,1536700,67.27999877929688,KMX
2018-05-29,69.69000244140625,67.5199966430664,67.66000366210938,68.2699966430664,2019700,68.2699966430664,KMX
2018-05-30,69.75,68.3499984741211,68.66000366210938,69.25,1443000,69.25,KMX
2018-05-31,69.41000366210938,68.52999877929688,69.37000274658203,68.91999816894531,1114100,68.91999816894531,KMX
2018-06-01,70.66000366210938,69.08999633789062,69.47000122070312,69.88999938964844,1473300,69.88999938964844,KMX
2018-06-04,71.48999786376953,70.12000274658203,70.12000274658203,71.44999694824219,1514900,71.44999694824219,KMX
2018-06-05,71.73999786376953,71.0,71.19000244140625,71.62000274658203,1548900,71.62000274658203,KMX
2018-06-06,72.98999786376953,71.48999786376953,72.16000366210938,72.62000274658203,2158300,72.62000274658203,KMX
2018-06-07,73.97000122070312,72.62000274658203,72.87000274658203,73.08000183105469,1139300,73.08000183105469,KMX
2018-06-08,73.80000305175781,72.66999816894531,73.08000183105469,73.79000091552734,1400200,73.79000091552734,KMX
2018-06-11,74.45999908447266,73.54000091552734,74.05000305175781,73.81999969482422,1351100,73.81999969482422,KMX
2018-06-12,74.43000030517578,73.61000061035156,73.94000244140625,73.8499984741211,1993200,73.8499984741211,KMX
2018-06-13,74.12000274658203,72.69000244140625,74.0,73.08999633789062,1991200,73.08999633789062,KMX
2018-06-14,73.62999725341797,72.79000091552734,73.23999786376953,73.22000122070312,1273700,73.22000122070312,KMX
2018-06-15,73.41999816894531,72.12999725341797,72.48999786376953,72.38999938964844,3371800,72.38999938964844,KMX
2018-06-18,72.54000091552734,71.69000244140625,71.9800033569336,72.4000015258789,3115800,72.4000015258789,KMX
2018-06-19,72.93000030517578,71.86000061035156,71.98999786376953,72.75,1619400,72.75,KMX
2018-06-20,73.91999816894531,72.37999725341797,73.47000122070312,72.7699966430664,1292100,72.7699966430664,KMX
2018-06-21,72.55000305175781,70.26000213623047,72.48999786376953,71.05000305175781,3183700,71.05000305175781,KMX
2018-06-22,81.66999816894531,76.19999694824219,77.75,80.19000244140625,12402000,80.19000244140625,KMX
2018-06-25,79.51000213623047,76.16000366210938,79.4800033569336,76.72000122070312,3384900,76.72000122070312,KMX
2018-06-26,76.47000122070312,75.06999969482422,76.01000213623047,75.38999938964844,3008500,75.38999938964844,KMX
2018-06-27,76.20999908447266,74.30000305175781,75.8499984741211,74.30999755859375,1514700,74.30999755859375,KMX
2018-06-28,74.43000030517578,73.29000091552734,74.1500015258789,73.44999694824219,2601300,73.44999694824219,KMX
2018-06-29,73.70999908447266,72.81999969482422,73.4000015258789,72.87000274658203,1593700,72.87000274658203,KMX
2018-07-02,73.80000305175781,72.08000183105469,72.69000244140625,73.73999786376953,2116000,73.73999786376953,KMX
2018-07-03,74.87000274658203,74.01000213623047,74.16999816894531,74.19999694824219,928600,74.19999694824219,KMX
2018-07-05,76.16999816894531,74.37000274658203,74.7699966430664,76.11000061035156,2152000,76.11000061035156,KMX
2018-07-06,76.69999694824219,75.66000366210938,75.7699966430664,76.41000366210938,1210300,76.41000366210938,KMX
2018-07-09,77.25,76.48999786376953,77.0,76.5999984741211,1153400,76.5999984741211,KMX
2018-07-10,78.12000274658203,76.4800033569336,78.08999633789062,76.54000091552734,2248700,76.54000091552734,KMX
2018-07-11,76.31999969482422,75.44999694824219,75.87000274658203,75.72000122070312,1047100,75.72000122070312,KMX
2018-07-12,76.66000366210938,75.68000030517578,76.31999969482422,76.56999969482422,1103500,76.56999969482422,KMX
2018-07-13,77.7300033569336,76.56999969482422,76.56999969482422,76.91999816894531,1003200,76.91999816894531,KMX
2018-07-16,77.69000244140625,76.62999725341797,77.05000305175781,77.25,1261300,77.25,KMX
2018-07-17,77.77999877929688,77.0,77.0,77.66999816894531,655400,77.66999816894531,KMX
2018-07-18,77.41999816894531,76.73999786376953,76.87000274658203,77.37000274658203,1102400,77.37000274658203,KMX
2018-07-19,78.12999725341797,77.33000183105469,77.33000183105469,77.69999694824219,913300,77.69999694824219,KMX
2018-07-20,77.81999969482422,77.05000305175781,77.69999694824219,77.13999938964844,1122700,77.13999938964844,KMX
2018-07-23,78.27999877929688,76.9000015258789,77.0,77.70999908447266,1095800,77.70999908447266,KMX
2018-07-24,78.4000015258789,74.91999816894531,78.05000305175781,75.5999984741211,1465200,75.5999984741211,KMX
2018-07-25,75.29000091552734,74.11000061035156,74.33000183105469,75.19999694824219,1105600,75.19999694824219,KMX
2018-07-26,75.83000183105469,75.0,75.48999786376953,75.37000274658203,1090500,75.37000274658203,KMX
2018-07-27,76.05000305175781,74.47000122070312,75.58999633789062,74.81999969482422,933100,74.81999969482422,KMX
2018-07-30,75.54000091552734,74.61000061035156,74.86000061035156,75.08999633789062,1131100,75.08999633789062,KMX
2018-07-31,75.41999816894531,74.36000061035156,75.2300033569336,74.68000030517578,1296200,74.68000030517578,KMX
2018-08-01,75.01000213623047,72.9000015258789,74.22000122070312,73.2300033569336,1458300,73.2300033569336,KMX
2018-08-02,74.05000305175781,72.6500015258789,73.06999969482422,73.30000305175781,992500,73.30000305175781,KMX
2018-08-03,75.1500015258789,73.06999969482422,73.06999969482422,74.69000244140625,1699000,74.69000244140625,KMX
2018-08-06,75.72000122070312,73.9800033569336,74.69000244140625,75.44999694824219,1190800,75.44999694824219,KMX
2018-08-07,75.94000244140625,74.69000244140625,74.69000244140625,75.58000183105469,1656800,75.58000183105469,KMX
2018-08-08,75.81999969482422,74.77999877929688,75.69000244140625,74.93000030517578,995200,74.93000030517578,KMX
2018-08-09,75.5,74.12000274658203,75.2300033569336,74.16999816894531,1141700,74.16999816894531,KMX
2018-08-10,74.01000213623047,72.83999633789062,73.58000183105469,73.08000183105469,1199100,73.08000183105469,KMX
2018-08-13,73.91000366210938,72.19000244140625,73.5999984741211,72.38999938964844,1200200,72.38999938964844,KMX
2018-08-14,73.48999786376953,72.6500015258789,72.6500015258789,72.83999633789062,1135900,72.83999633789062,KMX
2018-08-15,73.08999633789062,72.08999633789062,72.37999725341797,72.76000213623047,1090100,72.76000213623047,KMX
2018-08-16,73.4000015258789,72.72000122070312,73.1500015258789,72.80000305175781,804300,72.80000305175781,KMX
2018-08-17,73.81999969482422,72.75,72.80000305175781,73.62999725341797,793900,73.62999725341797,KMX
2018-08-20,75.06999969482422,73.70999908447266,73.72000122070312,74.80000305175781,1157700,74.80000305175781,KMX
2018-08-21,75.88999938964844,75.16000366210938,75.18000030517578,75.81999969482422,876200,75.81999969482422,KMX
2018-08-22,76.5999984741211,75.33999633789062,75.81999969482422,75.33999633789062,720100,75.33999633789062,KMX
2018-08-23,75.55999755859375,74.5999984741211,75.5199966430664,75.02999877929688,534000,75.02999877929688,KMX
2018-08-24,75.79000091552734,74.72000122070312,74.97000122070312,75.48999786376953,733600,75.48999786376953,KMX
2018-08-27,77.05000305175781,76.25,76.25,76.66999816894531,1198800,76.66999816894531,KMX
2018-08-28,77.37999725341797,76.66999816894531,76.77999877929688,77.12000274658203,873400,77.12000274658203,KMX
2018-08-29,78.13999938964844,77.11000061035156,77.9000015258789,77.68000030517578,1069100,77.68000030517578,KMX
2018-08-30,77.6500015258789,77.08000183105469,77.36000061035156,77.20999908447266,720700,77.20999908447266,KMX
2018-08-31,78.19000244140625,76.87000274658203,76.87000274658203,78.05000305175781,1105600,78.05000305175781,KMX
2018-09-04,79.26000213623047,77.58999633789062,77.91000366210938,78.8499984741211,1661400,78.8499984741211,KMX
2018-09-05,79.93000030517578,78.44000244140625,78.9000015258789,78.86000061035156,1614300,78.86000061035156,KMX
2018-09-06,79.33000183105469,78.16999816894531,78.94999694824219,78.23999786376953,1012600,78.23999786376953,KMX
2018-09-07,79.5199966430664,77.93000030517578,78.13999938964844,78.86000061035156,896300,78.86000061035156,KMX
2018-09-10,80.30999755859375,79.52999877929688,79.56999969482422,79.94000244140625,1335900,79.94000244140625,KMX
2018-09-11,80.80000305175781,79.66000366210938,80.0,80.61000061035156,1342000,80.61000061035156,KMX
2018-09-12,80.80999755859375,80.26000213623047,80.56999969482422,80.68000030517578,739000,80.68000030517578,KMX
2018-09-13,80.91000366210938,80.06999969482422,80.81999969482422,80.18000030517578,768700,80.18000030517578,KMX
2018-09-14,80.68000030517578,79.4000015258789,80.19000244140625,80.5199966430664,724100,80.5199966430664,KMX
2018-09-17,80.87000274658203,79.66000366210938,80.6500015258789,79.8499984741211,775800,79.8499984741211,KMX
2018-09-18,79.55000305175781,77.7699966430664,79.55000305175781,78.05999755859375,1926100,78.05999755859375,KMX
2018-09-19,79.12999725341797,78.16000366210938,78.37000274658203,78.56999969482422,1000300,78.56999969482422,KMX
2018-09-20,79.02999877929688,77.98999786376953,78.36000061035156,78.44999694824219,1151100,78.44999694824219,KMX
2018-09-21,79.12000274658203,78.01000213623047,78.51000213623047,78.16999816894531,2157400,78.16999816894531,KMX
2018-09-24,78.69000244140625,75.36000061035156,78.12999725341797,75.87999725341797,2039700,75.87999725341797,KMX
2018-09-25,76.47000122070312,74.69999694824219,76.16000366210938,75.87999725341797,3470100,75.87999725341797,KMX
2018-09-26,79.44999694824219,72.6500015258789,79.30000305175781,74.66000366210938,6360800,74.66000366210938,KMX
2018-09-27,74.87999725341797,73.37999725341797,74.87999725341797,73.81999969482422,2803100,73.81999969482422,KMX
2018-09-28,76.19999694824219,73.69000244140625,73.77999877929688,74.66999816894531,2457700,74.66999816894531,KMX
2018-10-01,75.33999633789062,73.5199966430664,75.30999755859375,73.69000244140625,1585700,73.69000244140625,KMX
2018-10-02,74.19000244140625,72.97000122070312,73.8499984741211,73.1500015258789,1741200,73.1500015258789,KMX
2018-10-03,74.30000305175781,73.12999725341797,73.88999938964844,73.51000213623047,1554800,73.51000213623047,KMX
2018-10-04,73.56999969482422,71.81999969482422,73.2699966430664,72.30000305175781,2533200,72.30000305175781,KMX
2018-10-05,72.45999908447266,70.44000244140625,71.7699966430664,70.88999938964844,2318500,70.88999938964844,KMX
2018-10-08,71.19000244140625,70.33999633789062,70.69999694824219,71.02999877929688,1337600,71.02999877929688,KMX
2018-10-09,71.2699966430664,70.12999725341797,70.80000305175781,70.77999877929688,1801000,70.77999877929688,KMX
2018-10-10,70.77999877929688,68.56999969482422,70.61000061035156,68.61000061035156,1852100,68.61000061035156,KMX
2018-10-11,69.81999969482422,67.51000213623047,68.43000030517578,67.8499984741211,1624400,67.8499984741211,KMX
2018-10-12,68.93000030517578,66.88999938964844,68.91000366210938,67.86000061035156,1896900,67.86000061035156,KMX
2018-10-15,68.95999908447266,67.73999786376953,67.73999786376953,68.38999938964844,1042200,68.38999938964844,KMX
2018-10-16,70.86000061035156,68.33000183105469,68.87000274658203,70.76000213623047,1293000,70.76000213623047,KMX
2018-10-17,70.33999633789062,68.66000366210938,70.27999877929688,69.91999816894531,1434500,69.91999816894531,KMX
2018-10-18,69.62000274658203,68.05000305175781,69.61000061035156,68.41999816894531,1343500,68.41999816894531,KMX
2018-10-19,69.5199966430664,68.2300033569336,68.33999633789062,68.6500015258789,1081500,68.6500015258789,KMX
2018-10-22,69.27999877929688,68.01000213623047,68.94000244140625,68.43000030517578,746000,68.43000030517578,KMX
2018-10-23,69.41000366210938,66.9000015258789,67.5999984741211,69.0,1505900,69.0,KMX
2018-10-24,70.86000061035156,67.95999908447266,69.11000061035156,68.08999633789062,2072000,68.08999633789062,KMX
2018-10-25,71.16999816894531,68.36000061035156,68.44999694824219,70.6500015258789,1448500,70.6500015258789,KMX
2018-10-26,70.5999984741211,68.94999694824219,69.62000274658203,70.04000091552734,1661100,70.04000091552734,KMX
2018-10-29,72.1500015258789,69.7699966430664,71.2300033569336,70.66000366210938,1467600,70.66000366210938,KMX
2018-10-30,70.01000213623047,67.80000305175781,69.56999969482422,68.16000366210938,3267600,68.16000366210938,KMX
2018-10-31,69.47000122070312,67.83000183105469,69.22000122070312,67.91000366210938,2683500,67.91000366210938,KMX
2018-11-01,70.4800033569336,67.80999755859375,68.0999984741211,69.7300033569336,1825400,69.7300033569336,KMX
2018-11-02,70.7699966430664,68.94000244140625,70.2300033569336,69.79000091552734,1240600,69.79000091552734,KMX
2018-11-05,70.80000305175781,69.22000122070312,69.95999908447266,70.54000091552734,985900,70.54000091552734,KMX
2018-11-06,70.95999908447266,69.5999984741211,70.5199966430664,70.45999908447266,1124000,70.45999908447266,KMX
2018-11-07,70.8499984741211,67.4000015258789,70.7300033569336,68.1500015258789,2355600,68.1500015258789,KMX
2018-11-08,68.62000274658203,67.54000091552734,67.93000030517578,67.9800033569336,2109100,67.9800033569336,KMX
2018-11-09,68.62999725341797,65.44000244140625,67.66000366210938,65.72000122070312,2150000,65.72000122070312,KMX
2018-11-12,65.94000244140625,64.80000305175781,65.41999816894531,65.02999877929688,1619600,65.02999877929688,KMX
2018-11-13,66.51000213623047,65.12000274658203,65.4000015258789,65.56999969482422,1098700,65.56999969482422,KMX
2018-11-14,65.55999755859375,62.75,65.55000305175781,62.86000061035156,2768500,62.86000061035156,KMX
2018-11-15,63.5,61.54999923706055,62.5,63.209999084472656,1700900,63.209999084472656,KMX
2018-11-16,62.45000076293945,60.959999084472656,62.25,62.029998779296875,2264600,62.029998779296875,KMX
2018-11-19,63.099998474121094,61.970001220703125,61.970001220703125,62.209999084472656,1462700,62.209999084472656,KMX
2018-11-20,62.650001525878906,58.959999084472656,61.099998474121094,60.90999984741211,1723600,60.90999984741211,KMX
2018-11-21,62.77000045776367,60.97999954223633,61.02000045776367,62.459999084472656,1310400,62.459999084472656,KMX
2018-11-23,62.9900016784668,62.099998474121094,62.099998474121094,62.2400016784668,349000,62.2400016784668,KMX
2018-11-26,63.93000030517578,62.540000915527344,62.81999969482422,63.66999816894531,1295200,63.66999816894531,KMX
2018-11-27,65.05000305175781,63.40999984741211,63.459999084472656,64.6500015258789,1863400,64.6500015258789,KMX
2018-11-28,66.97000122070312,64.2300033569336,64.58999633789062,66.80999755859375,2702000,66.80999755859375,KMX
2018-11-29,66.80000305175781,65.73999786376953,66.4800033569336,66.08999633789062,1413700,66.08999633789062,KMX
2018-11-30,66.18000030517578,65.2699966430664,65.95999908447266,66.06999969482422,1361000,66.06999969482422,KMX
2018-12-03,67.68000030517578,65.66000366210938,67.12999725341797,65.66999816894531,2073500,65.66999816894531,KMX
2018-12-04,66.31999969482422,63.540000915527344,65.63999938964844,64.05000305175781,2187800,64.05000305175781,KMX
2018-12-06,64.55999755859375,62.2400016784668,63.15999984741211,64.5199966430664,2358300,64.5199966430664,KMX
2018-12-07,65.0999984741211,62.290000915527344,64.51000213623047,62.560001373291016,1611400,62.560001373291016,KMX
2018-12-10,62.900001525878906,61.4900016784668,62.560001373291016,62.34000015258789,1139300,62.34000015258789,KMX
2018-12-11,64.27999877929688,62.119998931884766,63.04999923706055,63.189998626708984,1824700,63.189998626708984,KMX
2018-12-12,64.29000091552734,63.16999816894531,63.88999938964844,63.34000015258789,1050200,63.34000015258789,KMX
2018-12-13,63.619998931884766,62.0099983215332,63.34000015258789,62.36000061035156,1593700,62.36000061035156,KMX
2018-12-14,62.529998779296875,60.93000030517578,61.9900016784668,61.209999084472656,1220100,61.209999084472656,KMX
2018-12-17,61.93000030517578,59.790000915527344,60.790000915527344,60.2599983215332,1762100,60.2599983215332,KMX
2018-12-18,61.09000015258789,59.33000183105469,60.63999938964844,59.7599983215332,2539700,59.7599983215332,KMX
2018-12-19,60.150001525878906,57.5,59.4900016784668,57.779998779296875,2598400,57.779998779296875,KMX
2018-12-20,57.66999816894531,55.2400016784668,57.5,56.720001220703125,3168900,56.720001220703125,KMX
2018-12-21,60.56999969482422,55.58000183105469,58.33000183105469,58.959999084472656,7549400,58.959999084472656,KMX
2018-12-24,60.47999954223633,57.9900016784668,59.29999923706055,59.04999923706055,1750500,59.04999923706055,KMX
2018-12-26,62.63999938964844,59.20000076293945,59.40999984741211,62.59000015258789,2100100,62.59000015258789,KMX
2018-12-27,63.189998626708984,60.91999816894531,61.95000076293945,63.18000030517578,1968700,63.18000030517578,KMX
2018-12-28,64.0999984741211,62.15999984741211,63.65999984741211,62.4900016784668,1634400,62.4900016784668,KMX
2018-12-31,62.959999084472656,61.88999938964844,62.83000183105469,62.72999954223633,1510900,62.72999954223633,KMX
2019-01-02,63.25,61.59000015258789,61.900001525878906,62.970001220703125,1369100,62.970001220703125,KMX
2019-01-03,62.88999938964844,61.77000045776367,62.58000183105469,61.88999938964844,1319100,61.88999938964844,KMX
2019-01-04,64.36000061035156,62.529998779296875,62.7400016784668,63.61000061035156,1254300,63.61000061035156,KMX
2019-01-07,66.5999984741211,64.25,64.38999938964844,66.43000030517578,2028700,66.43000030517578,KMX
2019-01-08,66.0,63.290000915527344,66.0,64.91000366210938,2899800,64.91000366210938,KMX
2019-01-09,66.63999938964844,65.12999725341797,65.12999725341797,65.63999938964844,1309300,65.63999938964844,KMX
2019-01-10,64.83999633789062,63.880001068115234,64.81999969482422,64.61000061035156,1205900,64.61000061035156,KMX
2019-01-11,65.5,64.5,64.54000091552734,64.98999786376953,1223700,64.98999786376953,KMX
2019-01-14,65.2699966430664,64.12999725341797,64.4000015258789,64.86000061035156,1129900,64.86000061035156,KMX
2019-01-15,64.94000244140625,63.93000030517578,64.52999877929688,64.38999938964844,1230500,64.38999938964844,KMX
2019-01-16,64.38999938964844,62.33000183105469,63.529998779296875,63.970001220703125,1943700,63.970001220703125,KMX
2019-01-17,64.7699966430664,63.52000045776367,63.540000915527344,64.55999755859375,1328800,64.55999755859375,KMX
2019-01-18,64.19999694824219,61.18000030517578,64.1500015258789,61.91999816894531,4091600,61.91999816894531,KMX
2019-01-22,61.93000030517578,59.040000915527344,61.220001220703125,59.45000076293945,3835200,59.45000076293945,KMX
2019-01-23,59.560001373291016,57.95000076293945,59.5,58.97999954223633,2694900,58.97999954223633,KMX
2019-01-24,60.06999969482422,58.95000076293945,59.16999816894531,59.439998626708984,1535400,59.439998626708984,KMX
2019-01-25,60.86000061035156,59.61000061035156,60.130001068115234,60.310001373291016,1545100,60.310001373291016,KMX
2019-01-28,60.130001068115234,58.18000030517578,59.959999084472656,60.08000183105469,2044300,60.08000183105469,KMX
2019-01-29,59.810001373291016,58.040000915527344,59.63999938964844,58.38999938964844,1916000,58.38999938964844,KMX
2019-01-30,59.4900016784668,57.97999954223633,58.529998779296875,58.970001220703125,1553400,58.970001220703125,KMX
2019-01-31,59.40999984741211,58.5099983215332,59.029998779296875,58.779998779296875,1665400,58.779998779296875,KMX
2019-02-01,59.36000061035156,58.040000915527344,58.75,59.189998626708984,3114400,59.189998626708984,KMX
2019-02-04,61.380001068115234,59.13999938964844,59.34000015258789,61.34000015258789,2763100,61.34000015258789,KMX
2019-02-05,62.25,60.7400016784668,61.619998931884766,61.939998626708984,2431200,61.939998626708984,KMX
2019-02-06,62.099998474121094,60.880001068115234,61.63999938964844,60.9900016784668,1344600,60.9900016784668,KMX
2019-02-07,60.90999984741211,59.7400016784668,60.81999969482422,60.119998931884766,1641700,60.119998931884766,KMX
2019-02-08,60.529998779296875,59.540000915527344,59.849998474121094,60.380001068115234,1206800,60.380001068115234,KMX
2019-02-11,61.36000061035156,60.04999923706055,60.38999938964844,60.689998626708984,1441000,60.689998626708984,KMX
2019-02-12,61.43000030517578,60.209999084472656,60.849998474121094,60.849998474121094,2379100,60.849998474121094,KMX
2019-02-13,61.529998779296875,60.290000915527344,61.08000183105469,61.36000061035156,1730400,61.36000061035156,KMX
2019-02-14,61.86000061035156,60.060001373291016,60.849998474121094,61.15999984741211,1443600,61.15999984741211,KMX
2019-02-15,62.470001220703125,61.4900016784668,61.779998779296875,62.060001373291016,1132100,62.060001373291016,KMX
2019-02-19,62.40999984741211,61.70000076293945,62.060001373291016,61.9900016784668,1244600,61.9900016784668,KMX
2019-02-20,62.880001068115234,62.16999816894531,62.22999954223633,62.400001525878906,1128600,62.400001525878906,KMX
2019-02-21,62.93000030517578,61.209999084472656,62.40999984741211,61.52000045776367,1015100,61.52000045776367,KMX
2019-02-22,61.7599983215332,60.459999084472656,61.380001068115234,60.540000915527344,1587300,60.540000915527344,KMX
2019-02-25,61.380001068115234,59.75,60.97999954223633,59.79999923706055,1471700,59.79999923706055,KMX
2019-02-26,61.099998474121094,59.68000030517578,59.939998626708984,60.95000076293945,2116900,60.95000076293945,KMX
2019-02-27,61.849998474121094,60.13999938964844,61.02000045776367,60.29999923706055,1837100,60.29999923706055,KMX
2019-02-28,62.18000030517578,60.0,60.27000045776367,62.099998474121094,1923000,62.099998474121094,KMX
2019-03-01,63.15999984741211,61.08000183105469,62.20000076293945,61.650001525878906,1985600,61.650001525878906,KMX
2019-03-04,61.619998931884766,59.220001220703125,61.439998626708984,59.83000183105469,2292700,59.83000183105469,KMX
2019-03-05,60.90999984741211,59.58000183105469,60.029998779296875,60.75,1698700,60.75,KMX
2019-03-06,61.689998626708984,60.84000015258789,61.060001373291016,61.0,1248100,61.0,KMX
2019-03-07,60.779998779296875,59.439998626708984,60.75,59.720001220703125,1046400,59.720001220703125,KMX
2019-03-08,59.790000915527344,58.189998626708984,59.7599983215332,58.380001068115234,1737800,58.380001068115234,KMX
2019-03-11,59.75,58.220001220703125,58.52000045776367,59.54999923706055,1618900,59.54999923706055,KMX
2019-03-12,61.720001220703125,59.619998931884766,59.619998931884766,60.9900016784668,3026600,60.9900016784668,KMX
2019-03-13,61.58000183105469,60.63999938964844,61.189998626708984,60.869998931884766,1766800,60.869998931884766,KMX
2019-03-14,60.970001220703125,59.93000030517578,60.779998779296875,60.61000061035156,1452200,60.61000061035156,KMX
2019-03-15,61.15999984741211,60.29999923706055,60.31999969482422,61.060001373291016,2186200,61.060001373291016,KMX
2019-03-18,61.16999816894531,60.099998474121094,61.09000015258789,60.4900016784668,1870200,60.4900016784668,KMX
2019-03-19,61.13999938964844,59.349998474121094,60.720001220703125,59.599998474121094,1700900,59.599998474121094,KMX
2019-03-20,61.22999954223633,59.529998779296875,59.529998779296875,60.619998931884766,2383700,60.619998931884766,KMX
2019-03-21,62.52000045776367,60.75,60.77000045776367,62.310001373291016,1610500,62.310001373291016,KMX
2019-03-22,62.619998931884766,61.5099983215332,62.15999984741211,61.630001068115234,1512700,61.630001068115234,KMX
2019-03-25,62.63999938964844,61.22999954223633,61.5,61.619998931884766,1425100,61.619998931884766,KMX
2019-03-26,63.33000183105469,61.790000915527344,61.790000915527344,62.880001068115234,2250500,62.880001068115234,KMX
2019-03-27,65.05999755859375,63.02000045776367,63.119998931884766,63.84000015258789,3141200,63.84000015258789,KMX
2019-03-28,64.81999969482422,63.41999816894531,64.19999694824219,63.68000030517578,3708900,63.68000030517578,KMX
2019-03-29,70.98999786376953,65.63999938964844,66.69000244140625,69.80000305175781,8830400,69.80000305175781,KMX
2019-04-01,71.23999786376953,68.23999786376953,71.05999755859375,69.06999969482422,3625700,69.06999969482422,KMX
2019-04-02,70.69999694824219,68.97000122070312,69.11000061035156,69.79000091552734,2409700,69.79000091552734,KMX
2019-04-03,71.73999786376953,70.22000122070312,70.22000122070312,71.19999694824219,2663300,71.19999694824219,KMX
2019-04-04,72.19000244140625,71.19999694824219,71.44999694824219,72.08999633789062,1179100,72.08999633789062,KMX
2019-04-05,72.4000015258789,71.63999938964844,72.19999694824219,72.04000091552734,1527100,72.04000091552734,KMX
2019-04-08,72.9800033569336,71.79000091552734,72.41999816894531,72.69999694824219,1320500,72.69999694824219,KMX
2019-04-09,73.7300033569336,72.55999755859375,72.8499984741211,73.30999755859375,1435300,73.30999755859375,KMX
2019-04-10,74.36000061035156,72.88999938964844,73.41000366210938,74.30999755859375,1140700,74.30999755859375,KMX
2019-04-11,74.62999725341797,73.31999969482422,74.06999969482422,73.9000015258789,1302400,73.9000015258789,KMX
2019-04-12,74.68000030517578,74.05000305175781,74.08999633789062,74.58000183105469,879300,74.58000183105469,KMX
2019-04-15,75.08999633789062,74.12999725341797,74.44999694824219,75.02999877929688,1092500,75.02999877929688,KMX
2019-04-16,76.01000213623047,74.98999786376953,75.19999694824219,75.94000244140625,1312400,75.94000244140625,KMX
2019-04-17,78.43000030517578,76.12000274658203,76.69999694824219,77.41999816894531,2672100,77.41999816894531,KMX
2019-04-18,77.36000061035156,75.80999755859375,77.29000091552734,77.0,1438800,77.0,KMX
2019-04-22,76.91000366210938,75.55000305175781,76.91000366210938,75.69999694824219,1167200,75.69999694824219,KMX
2019-04-23,77.54000091552734,75.80999755859375,76.0999984741211,77.33999633789062,1916500,77.33999633789062,KMX
2019-04-24,77.8499984741211,76.76000213623047,77.38999938964844,77.29000091552734,1087100,77.29000091552734,KMX
2019-04-25,77.27999877929688,76.33000183105469,76.91999816894531,76.33000183105469,1037700,76.33000183105469,KMX
2019-04-26,77.98999786376953,76.08000183105469,76.27999877929688,77.97000122070312,1165400,77.97000122070312,KMX
2019-04-29,78.19999694824219,77.19999694824219,77.69999694824219,77.31999969482422,1380300,77.31999969482422,KMX
2019-04-30,78.0,76.68000030517578,77.23999786376953,77.86000061035156,1900100,77.86000061035156,KMX
2019-05-01,79.26000213623047,77.7300033569336,77.94000244140625,78.3499984741211,1912600,78.3499984741211,KMX
2019-05-02,78.72000122070312,76.95999908447266,78.2699966430664,78.23999786376953,2085500,78.23999786376953,KMX
2019-05-03,78.79000091552734,77.58999633789062,78.0999984741211,78.62000274658203,905900,78.62000274658203,KMX
2019-05-06,78.66000366210938,77.41999816894531,77.6500015258789,78.30999755859375,775900,78.30999755859375,KMX
2019-05-07,78.41000366210938,77.05999755859375,77.75,77.68000030517578,1024900,77.68000030517578,KMX
2019-05-08,78.08999633789062,77.16000366210938,77.55000305175781,77.70999908447266,1058400,77.70999908447266,KMX
2019-05-09,78.77999877929688,77.0,77.06999969482422,78.52999877929688,772800,78.52999877929688,KMX
2019-05-10,79.61000061035156,77.38999938964844,78.5,79.06999969482422,1459700,79.06999969482422,KMX
2019-05-13,77.80000305175781,75.94999694824219,77.80000305175781,76.76000213623047,972100,76.76000213623047,KMX
2019-05-14,77.56999969482422,76.80999755859375,76.97000122070312,77.18000030517578,1341400,77.18000030517578,KMX
2019-05-15,77.04000091552734,75.83999633789062,76.62999725341797,75.9000015258789,1639700,75.9000015258789,KMX
2019-05-16,76.36000061035156,75.62999725341797,75.87999725341797,75.94000244140625,1616300,75.94000244140625,KMX
2019-05-17,77.26000213623047,75.0999984741211,75.37999725341797,76.38999938964844,997600,76.38999938964844,KMX
2019-05-20,77.43000030517578,75.80000305175781,75.94999694824219,76.86000061035156,1230900,76.86000061035156,KMX
2019-05-21,78.19999694824219,76.80000305175781,77.20999908447266,77.9800033569336,1067100,77.9800033569336,KMX
2019-05-22,78.38999938964844,77.02999877929688,77.27999877929688,77.9000015258789,1179700,77.9000015258789,KMX
2019-05-23,77.69000244140625,76.12999725341797,77.23999786376953,76.77999877929688,981000,76.77999877929688,KMX
2019-05-24,77.86000061035156,76.27999877929688,77.27999877929688,76.4800033569336,1029100,76.4800033569336,KMX
2019-05-28,77.6500015258789,76.18000030517578,76.77999877929688,76.23999786376953,1860300,76.23999786376953,KMX
2019-05-29,77.30999755859375,75.80999755859375,75.8499984741211,77.12999725341797,1309800,77.12999725341797,KMX
2019-05-30,78.4000015258789,77.2699966430664,77.2699966430664,78.08999633789062,1192200,78.08999633789062,KMX
2019-05-31,78.87999725341797,77.9000015258789,78.1500015258789,78.27999877929688,1812500,78.27999877929688,KMX
2019-06-03,80.0,77.79000091552734,78.05000305175781,79.41000366210938,2534800,79.41000366210938,KMX
2019-06-04,81.58999633789062,79.69999694824219,79.69999694824219,80.2699966430664,2585600,80.2699966430664,KMX
2019-06-05,80.91999816894531,79.87999725341797,80.58999633789062,80.04000091552734,1558400,80.04000091552734,KMX
2019-06-06,80.31999969482422,79.45999908447266,79.95999908447266,79.94999694824219,1876200,79.94999694824219,KMX
2019-06-07,80.56999969482422,79.69000244140625,80.37999725341797,79.88999938964844,1854600,79.88999938964844,KMX
2019-06-10,82.44999694824219,80.3499984741211,80.7699966430664,82.36000061035156,2575100,82.36000061035156,KMX
2019-06-11,83.33000183105469,80.54000091552734,82.98999786376953,81.22000122070312,1167500,81.22000122070312,KMX
2019-06-12,82.1500015258789,80.6500015258789,81.41000366210938,82.04000091552734,1369100,82.04000091552734,KMX
2019-06-13,82.5,81.61000061035156,82.16999816894531,82.1500015258789,1173200,82.1500015258789,KMX
2019-06-14,84.0,82.6500015258789,83.66999816894531,83.54000091552734,1631600,83.54000091552734,KMX
2019-06-17,84.98999786376953,83.41000366210938,84.5,83.87000274658203,1877400,83.87000274658203,KMX
2019-06-18,84.3499984741211,83.02999877929688,84.29000091552734,83.66999816894531,1269600,83.66999816894531,KMX
2019-06-19,84.44999694824219,82.19999694824219,84.30999755859375,83.48999786376953,1398600,83.48999786376953,KMX
2019-06-20,84.18000030517578,82.31999969482422,84.0,83.0,2788100,83.0,KMX
2019-06-21,88.63999938964844,83.26000213623047,87.76000213623047,85.63999938964844,10383200,85.63999938964844,KMX
2019-06-24,84.80999755859375,81.16000366210938,84.80999755859375,82.63999938964844,4026800,82.63999938964844,KMX
2019-06-25,84.45999908447266,82.72000122070312,82.86000061035156,83.37000274658203,2006900,83.37000274658203,KMX
2019-06-26,84.72000122070312,83.0,83.36000061035156,84.13999938964844,1696300,84.13999938964844,KMX
2019-06-27,87.05999755859375,84.66999816894531,84.75,86.86000061035156,1793300,86.86000061035156,KMX
2019-06-28,87.0999984741211,85.26000213623047,86.0,86.83000183105469,2175500,86.83000183105469,KMX
2019-07-01,88.2300033569336,86.36000061035156,87.75,87.16000366210938,1908400,87.16000366210938,KMX
2019-07-02,87.83000183105469,86.18000030517578,87.36000061035156,87.69000244140625,2423000,87.69000244140625,KMX
2019-07-03,89.08999633789062,87.68000030517578,87.69999694824219,88.9000015258789,1112900,88.9000015258789,KMX
2019-07-05,89.27999877929688,88.12999725341797,88.48999786376953,88.4800033569336,1280700,88.4800033569336,KMX
2019-07-08,88.97000122070312,87.58999633789062,88.44999694824219,87.80000305175781,1237900,87.80000305175781,KMX
2019-07-09,87.70999908447266,86.94000244140625,87.45999908447266,87.58000183105469,1364800,87.58000183105469,KMX
2019-07-10,88.0,87.2699966430664,87.5,87.41000366210938,1308900,87.41000366210938,KMX
2019-07-11,88.81999969482422,87.12000274658203,87.5999984741211,88.7699966430664,1061700,88.7699966430664,KMX
2019-07-12,89.37000274658203,88.08999633789062,88.80000305175781,88.94000244140625,1259800,88.94000244140625,KMX
2019-07-15,89.4000015258789,88.47000122070312,89.29000091552734,88.79000091552734,998900,88.79000091552734,KMX
2019-07-16,86.97000122070312,82.63999938964844,85.87999725341797,86.38999938964844,3757800,86.38999938964844,KMX
2019-07-17,85.81999969482422,84.62999725341797,85.0999984741211,85.1500015258789,1766700,85.1500015258789,KMX
2019-07-18,87.73999786376953,85.4800033569336,87.52999877929688,86.62999725341797,2115800,86.62999725341797,KMX
2019-07-19,87.08999633789062,84.66000366210938,86.37000274658203,84.83999633789062,1931800,84.83999633789062,KMX
2019-07-22,85.18000030517578,84.20999908447266,84.69999694824219,84.76000213623047,1186600,84.76000213623047,KMX
2019-07-23,86.23999786376953,85.0199966430664,85.6500015258789,86.23999786376953,1285600,86.23999786376953,KMX
2019-07-24,88.98999786376953,86.04000091552734,86.11000061035156,88.83999633789062,1536600,88.83999633789062,KMX
2019-07-25,89.55000305175781,88.3499984741211,88.75,89.33000183105469,1053600,89.33000183105469,KMX
2019-07-26,91.41999816894531,89.52999877929688,89.79000091552734,91.16999816894531,1418400,91.16999816894531,KMX
2019-07-29,92.01000213623047,90.97000122070312,91.2300033569336,91.33999633789062,1399300,91.33999633789062,KMX
2019-07-30,89.45999908447266,87.44000244140625,89.45999908447266,87.80000305175781,1597300,87.80000305175781,KMX
2019-07-31,88.83000183105469,87.47000122070312,87.87000274658203,87.76000213623047,1556500,87.76000213623047,KMX
2019-08-01,88.36000061035156,86.04000091552734,87.75,86.30000305175781,1033500,86.30000305175781,KMX
2019-08-02,86.80999755859375,85.79000091552734,86.31999969482422,86.0,1343400,86.0,KMX
2019-08-05,85.18000030517578,83.19000244140625,84.63999938964844,83.93000030517578,1244800,83.93000030517578,KMX
2019-08-06,85.91999816894531,83.29000091552734,83.97000122070312,85.88999938964844,1078100,85.88999938964844,KMX
2019-08-07,85.1500015258789,82.08000183105469,85.04000091552734,82.87000274658203,1821200,82.87000274658203,KMX
2019-08-08,84.37999725341797,82.9800033569336,83.18000030517578,84.02999877929688,1942400,84.02999877929688,KMX
2019-08-09,84.47000122070312,83.33999633789062,84.1500015258789,84.02999877929688,1066300,84.02999877929688,KMX
2019-08-12,84.98999786376953,83.05999755859375,84.33999633789062,83.9000015258789,914600,83.9000015258789,KMX
2019-08-13,86.66999816894531,83.23999786376953,83.4000015258789,85.38999938964844,1334900,85.38999938964844,KMX
2019-08-14,85.22000122070312,83.13999938964844,84.11000061035156,83.75,1244500,83.75,KMX
2019-08-15,84.5,83.25,83.68000030517578,84.25,873400,84.25,KMX
2019-08-16,85.30000305175781,84.1500015258789,84.48999786376953,85.02999877929688,1070100,85.02999877929688,KMX
2019-08-19,86.66999816894531,85.16999816894531,86.0,85.97000122070312,1403100,85.97000122070312,KMX
2019-08-20,86.05000305175781,83.18000030517578,86.05000305175781,83.33999633789062,1179400,83.33999633789062,KMX
2019-08-21,84.06999969482422,82.58000183105469,84.06999969482422,83.16999816894531,1333500,83.16999816894531,KMX
2019-08-22,84.0,82.98999786376953,83.5,83.72000122070312,935800,83.72000122070312,KMX
2019-08-23,82.9800033569336,80.62000274658203,82.4800033569336,80.83000183105469,1769500,80.83000183105469,KMX
2019-08-26,81.4800033569336,80.1500015258789,81.19999694824219,80.61000061035156,1264600,80.61000061035156,KMX
2019-08-27,81.05000305175781,79.45999908447266,80.81999969482422,79.52999877929688,1521700,79.52999877929688,KMX
2019-08-28,81.54000091552734,79.37000274658203,79.4800033569336,81.2699966430664,1142900,81.2699966430664,KMX
2019-08-29,83.69999694824219,81.9000015258789,81.9000015258789,82.79000091552734,860200,82.79000091552734,KMX
2019-08-30,84.51000213623047,82.88999938964844,83.48999786376953,83.27999877929688,1077300,83.27999877929688,KMX
2019-09-03,83.05999755859375,81.80999755859375,81.80999755859375,82.55999755859375,1349300,82.55999755859375,KMX
2019-09-04,85.2699966430664,83.19999694824219,83.19999694824219,84.97000122070312,1439400,84.97000122070312,KMX
2019-09-05,87.36000061035156,85.87000274658203,85.93000030517578,86.7300033569336,1255300,86.7300033569336,KMX
2019-09-06,87.3499984741211,85.54000091552734,86.5,86.0,1090200,86.0,KMX
2019-09-09,87.29000091552734,86.0999984741211,86.44999694824219,86.58999633789062,1047200,86.58999633789062,KMX
2019-09-10,87.30000305175781,85.11000061035156,86.2699966430664,87.30000305175781,1520600,87.30000305175781,KMX
2019-09-11,86.94000244140625,83.62999725341797,86.44000244140625,85.31999969482422,1630300,85.31999969482422,KMX
2019-09-12,87.5,85.37000274658203,85.48999786376953,86.52999877929688,1453000,86.52999877929688,KMX
2019-09-13,87.30000305175781,86.37000274658203,86.7699966430664,86.75,970200,86.75,KMX
2019-09-16,85.77999877929688,83.95999908447266,85.5,84.26000213623047,1031800,84.26000213623047,KMX
2019-09-17,86.33999633789062,83.11000061035156,83.5,86.08000183105469,1222600,86.08000183105469,KMX
2019-09-18,86.12000274658203,84.45999908447266,85.94000244140625,85.52999877929688,1270900,85.52999877929688,KMX
2019-09-19,86.55000305175781,85.04000091552734,85.86000061035156,86.30999755859375,1213700,86.30999755859375,KMX
2019-09-20,87.11000061035156,84.62999725341797,86.5999984741211,84.62999725341797,1660700,84.62999725341797,KMX
2019-09-23,87.20999908447266,84.26000213623047,84.5,86.9000015258789,2696900,86.9000015258789,KMX
2019-09-24,90.33000183105469,84.44999694824219,90.23999786376953,86.73999786376953,6352600,86.73999786376953,KMX
2019-09-25,87.62999725341797,85.29000091552734,86.62000274658203,86.08000183105469,1540500,86.08000183105469,KMX
2019-09-26,86.66999816894531,85.29000091552734,86.12999725341797,86.37999725341797,890600,86.37999725341797,KMX
2019-09-27,87.5199966430664,86.61000061035156,86.86000061035156,87.4800033569336,1071600,87.4800033569336,KMX
2019-09-30,88.3499984741211,87.11000061035156,87.29000091552734,88.0,1212400,88.0,KMX
2019-10-01,90.9000015258789,88.33999633789062,88.58000183105469,88.69000244140625,1758300,88.69000244140625,KMX
2019-10-02,88.41999816894531,85.05000305175781,88.2300033569336,85.5999984741211,1249500,85.5999984741211,KMX
2019-10-03,85.2699966430664,83.38999938964844,84.91000366210938,84.6500015258789,1005600,84.6500015258789,KMX
2019-10-04,85.66000366210938,84.30999755859375,84.5199966430664,85.5999984741211,860600,85.5999984741211,KMX
2019-10-07,87.06999969482422,85.37000274658203,85.43000030517578,86.30999755859375,1098500,86.30999755859375,KMX
2019-10-08,85.97000122070312,85.08999633789062,85.37000274658203,85.0999984741211,923000,85.0999984741211,KMX
2019-10-09,87.05000305175781,85.4800033569336,85.95999908447266,86.5999984741211,900200,86.5999984741211,KMX
2019-10-10,88.02999877929688,86.36000061035156,86.4000015258789,87.41000366210938,947100,87.41000366210938,KMX
2019-10-11,91.05999755859375,88.52999877929688,88.52999877929688,90.52999877929688,1754500,90.52999877929688,KMX
2019-10-14,90.44000244140625,89.43000030517578,90.0,90.02999877929688,676800,90.02999877929688,KMX
2019-10-15,93.05000305175781,90.75,90.75,92.41999816894531,1486500,92.41999816894531,KMX
2019-10-16,92.58000183105469,91.33000183105469,92.41999816894531,92.44000244140625,936500,92.44000244140625,KMX
2019-10-17,93.36000061035156,92.11000061035156,92.87000274658203,92.7300033569336,779200,92.7300033569336,KMX
2019-10-18,94.69999694824219,92.80999755859375,93.0999984741211,94.27999877929688,1680900,94.27999877929688,KMX
2019-10-21,96.36000061035156,94.73999786376953,95.0,96.0199966430664,1253400,96.0199966430664,KMX
2019-10-22,95.62000274658203,93.12999725341797,95.0199966430664,94.18000030517578,1658000,94.18000030517578,KMX
2019-10-23,94.87999725341797,93.37000274658203,93.56999969482422,94.62999725341797,790600,94.62999725341797,KMX
2019-10-24,96.27999877929688,94.48999786376953,95.38999938964844,95.12000274658203,892100,95.12000274658203,KMX
2019-10-25,95.70999908447266,94.54000091552734,94.9000015258789,94.7699966430664,859900,94.7699966430664,KMX
2019-10-28,95.66999816894531,94.58999633789062,94.91000366210938,94.9800033569336,951000,94.9800033569336,KMX
2019-10-29,96.0,94.7699966430664,95.16999816894531,95.3499984741211,707900,95.3499984741211,KMX
2019-10-30,95.73999786376953,94.66999816894531,94.94000244140625,94.7699966430664,813900,94.7699966430664,KMX
2019-10-31,94.87999725341797,92.58000183105469,94.69000244140625,93.16999816894531,983400,93.16999816894531,KMX
2019-11-01,94.95999908447266,93.1500015258789,93.79000091552734,94.86000061035156,839700,94.86000061035156,KMX
2019-11-04,96.05999755859375,95.16999816894531,95.58000183105469,95.41999816894531,758500,95.41999816894531,KMX
2019-11-05,96.19999694824219,95.20999908447266,95.41999816894531,95.48999786376953,849800,95.48999786376953,KMX
2019-11-06,95.4000015258789,93.55999755859375,95.4000015258789,94.2699966430664,761700,94.2699966430664,KMX
2019-11-07,95.44000244140625,93.91999816894531,94.54000091552734,94.08999633789062,772000,94.08999633789062,KMX
2019-11-08,94.5999984741211,93.45999908447266,94.22000122070312,93.87999725341797,780300,93.87999725341797,KMX
2019-11-11,94.62999725341797,93.37000274658203,93.37000274658203,94.16000366210938,648400,94.16000366210938,KMX
2019-11-12,96.47000122070312,93.80000305175781,93.80000305175781,95.26000213623047,1055100,95.26000213623047,KMX
2019-11-13,96.0,94.19000244140625,94.5,95.87999725341797,670500,95.87999725341797,KMX
2019-11-14,97.2699966430664,95.69000244140625,95.88999938964844,96.83999633789062,834900,96.83999633789062,KMX
2019-11-15,98.23999786376953,96.48999786376953,97.29000091552734,98.0,1172800,98.0,KMX
2019-11-18,99.88999938964844,97.7300033569336,98.30999755859375,99.7300033569336,1042600,99.7300033569336,KMX
2019-11-19,100.48999786376953,98.91999816894531,99.94000244140625,100.1500015258789,1164100,100.1500015258789,KMX
2019-11-20,99.91000366210938,98.27999877929688,99.91000366210938,99.56999969482422,686000,99.56999969482422,KMX
2019-11-21,99.6500015258789,97.94999694824219,99.6500015258789,98.18000030517578,594800,98.18000030517578,KMX
2019-11-22,98.69999694824219,96.62000274658203,98.44999694824219,97.58000183105469,742700,97.58000183105469,KMX
2019-11-25,98.58999633789062,97.37000274658203,97.98999786376953,97.83000183105469,765300,97.83000183105469,KMX
2019-11-26,98.69000244140625,97.0,97.66000366210938,98.63999938964844,1080100,98.63999938964844,KMX
2019-11-27,98.97000122070312,98.01000213623047,98.80999755859375,98.30999755859375,636900,98.30999755859375,KMX
2019-11-29,98.2699966430664,97.01000213623047,98.04000091552734,97.26000213623047,397600,97.26000213623047,KMX
2019-12-02,97.56999969482422,96.4000015258789,97.33999633789062,96.69000244140625,951200,96.69000244140625,KMX
2019-12-03,96.30999755859375,94.01000213623047,95.16000366210938,95.98999786376953,1535800,95.98999786376953,KMX
2019-12-04,98.05000305175781,96.38999938964844,96.80999755859375,96.41000366210938,938400,96.41000366210938,KMX
2019-12-05,97.1500015258789,95.86000061035156,96.62000274658203,96.08000183105469,1336400,96.08000183105469,KMX
2019-12-06,98.1500015258789,96.68000030517578,96.97000122070312,97.37000274658203,1310800,97.37000274658203,KMX
2019-12-09,97.19000244140625,96.4800033569336,97.08999633789062,96.69000244140625,911200,96.69000244140625,KMX
2019-12-10,97.30000305175781,96.37999725341797,96.75,96.94000244140625,991000,96.94000244140625,KMX
2019-12-11,99.11000061035156,96.55999755859375,96.98999786376953,99.02999877929688,810600,99.02999877929688,KMX
2019-12-12,99.75,98.06999969482422,98.69999694824219,99.05000305175781,840100,99.05000305175781,KMX
2019-12-13,99.41000366210938,97.77999877929688,99.0,97.87999725341797,1024300,97.87999725341797,KMX
2019-12-16,99.41999816894531,97.97000122070312,99.19999694824219,98.0,1616500,98.0,KMX
2019-12-17,99.1500015258789,98.06999969482422,98.2699966430664,98.9000015258789,945600,98.9000015258789,KMX
2019-12-18,99.79000091552734,98.27999877929688,99.44999694824219,98.63999938964844,1544600,98.63999938964844,KMX
2019-12-19,98.87999725341797,97.26000213623047,98.41999816894531,98.79000091552734,1984700,98.79000091552734,KMX
2019-12-20,95.0999984741211,92.5999984741211,94.4000015258789,92.70999908447266,6536100,92.70999908447266,KMX
2019-12-23,92.5,89.04000091552734,92.0999984741211,89.18000030517578,3562000,89.18000030517578,KMX
2019-12-24,89.33999633789062,88.56999969482422,89.04000091552734,88.86000061035156,959900,88.86000061035156,KMX
2019-12-26,89.37000274658203,87.91000366210938,88.94000244140625,89.02999877929688,1706800,89.02999877929688,KMX
2019-12-27,89.68000030517578,87.7300033569336,89.27999877929688,88.4000015258789,1377100,88.4000015258789,KMX
2019-12-30,88.37000274658203,86.95999908447266,88.3499984741211,87.43000030517578,1421400,87.43000030517578,KMX
2019-12-31,88.05000305175781,87.12999725341797,87.22000122070312,87.66999816894531,1256900,87.66999816894531,KMX
2020-01-02,89.51000213623047,87.80999755859375,87.97000122070312,89.51000213623047,2038800,89.51000213623047,KMX
2020-01-03,88.7300033569336,86.69999694824219,88.38999938964844,87.26000213623047,1475400,87.26000213623047,KMX
2020-01-06,87.58000183105469,86.18000030517578,86.48999786376953,87.05000305175781,1345200,87.05000305175781,KMX
2020-01-07,87.8499984741211,86.97000122070312,87.23999786376953,87.2300033569336,1187700,87.2300033569336,KMX
2020-01-08,87.81999969482422,86.94999694824219,87.22000122070312,87.08000183105469,1651100,87.08000183105469,KMX
2020-01-09,88.08000183105469,87.25,87.61000061035156,87.5999984741211,1153500,87.5999984741211,KMX
2020-01-10,89.80999755859375,87.9000015258789,87.9000015258789,89.08999633789062,2066100,89.08999633789062,KMX
2020-01-13,91.11000061035156,88.55999755859375,89.0199966430664,91.02999877929688,1340800,91.02999877929688,KMX
2020-01-14,93.13999938964844,90.81999969482422,90.87999725341797,91.94000244140625,1543600,91.94000244140625,KMX
2020-01-15,93.83000183105469,91.23999786376953,91.58999633789062,92.87999725341797,1343900,92.87999725341797,KMX
2020-01-16,94.87999725341797,93.0,93.26000213623047,94.69999694824219,1202500,94.69999694824219,KMX
2020-01-17,96.01000213623047,94.83000183105469,95.0,95.68000030517578,1703400,95.68000030517578,KMX
2020-01-21,96.12999725341797,94.7699966430664,95.37999725341797,95.9000015258789,1549000,95.9000015258789,KMX
2020-01-22,97.86000061035156,96.19000244140625,96.43000030517578,97.3499984741211,1162700,97.3499984741211,KMX
2020-01-23,98.19000244140625,96.44999694824219,96.97000122070312,98.11000061035156,746200,98.11000061035156,KMX
2020-01-24,98.31999969482422,95.88999938964844,98.31999969482422,96.7300033569336,1096200,96.7300033569336,KMX
2020-01-27,96.70999908447266,95.12000274658203,95.44000244140625,95.9800033569336,1015000,95.9800033569336,KMX
2020-01-28,99.0,96.01000213623047,96.37000274658203,98.56999969482422,1104600,98.56999969482422,KMX
2020-01-29,99.72000122070312,98.44999694824219,99.0,98.5,898100,98.5,KMX
2020-01-30,99.37999725341797,97.2300033569336,97.68000030517578,99.36000061035156,911200,99.36000061035156,KMX
2020-01-31,99.33000183105469,97.0199966430664,99.04000091552734,97.04000091552734,1231500,97.04000091552734,KMX
2020-02-03,97.54000091552734,94.97000122070312,96.5,95.05999755859375,1816700,95.05999755859375,KMX
2020-02-04,97.19000244140625,95.61000061035156,96.48999786376953,96.75,1208800,96.75,KMX
2020-02-05,98.44999694824219,97.13999938964844,97.97000122070312,97.97000122070312,772000,97.97000122070312,KMX
2020-02-06,98.41999816894531,96.97000122070312,98.16999816894531,96.97000122070312,955200,96.97000122070312,KMX
2020-02-07,97.80999755859375,96.20999908447266,96.8499984741211,96.30000305175781,1026100,96.30000305175781,KMX
2020-02-10,97.76000213623047,95.93000030517578,95.97000122070312,97.6500015258789,845600,97.6500015258789,KMX
2020-02-11,99.62999725341797,98.05000305175781,98.25,98.83999633789062,945100,98.83999633789062,KMX
2020-02-12,99.5199966430664,98.18000030517578,99.19000244140625,98.2300033569336,654400,98.2300033569336,KMX
2020-02-13,99.58999633789062,97.33000183105469,97.47000122070312,98.88999938964844,749900,98.88999938964844,KMX
2020-02-14,99.06999969482422,97.97000122070312,98.58000183105469,98.80999755859375,729900,98.80999755859375,KMX
2020-02-18,99.36000061035156,98.05000305175781,98.95999908447266,98.2699966430664,767900,98.2699966430664,KMX
2020-02-19,100.4000015258789,98.3499984741211,98.54000091552734,100.12999725341797,907300,100.12999725341797,KMX
2020-02-20,103.18000030517578,100.55000305175781,100.73999786376953,101.9000015258789,1081600,101.9000015258789,KMX
2020-02-21,101.66000366210938,100.38999938964844,101.43000030517578,101.20999908447266,864400,101.20999908447266,KMX
2020-02-24,99.41999816894531,97.26000213623047,98.31999969482422,97.44999694824219,948500,97.44999694824219,KMX
2020-02-25,98.08000183105469,93.01000213623047,97.77999877929688,93.29000091552734,1049900,93.29000091552734,KMX
2020-02-26,94.91999816894531,91.29000091552734,93.97000122070312,91.30000305175781,988900,91.30000305175781,KMX
2020-02-27,91.87000274658203,87.62999725341797,89.87999725341797,88.19000244140625,1507500,88.19000244140625,KMX
2020-02-28,87.30999755859375,84.01000213623047,85.7699966430664,87.30999755859375,2582300,87.30999755859375,KMX
2020-03-02,89.83999633789062,85.22000122070312,87.30000305175781,89.73999786376953,1827600,89.73999786376953,KMX
2020-03-03,91.13999938964844,84.94999694824219,89.44999694824219,86.16000366210938,1875500,86.16000366210938,KMX
2020-03-04,90.7699966430664,86.9000015258789,87.22000122070312,90.69999694824219,1238200,90.69999694824219,KMX
2020-03-05,88.08000183105469,85.0,88.02999877929688,85.93000030517578,1439200,85.93000030517578,KMX
2020-03-06,85.38999938964844,82.13999938964844,83.68000030517578,85.0,1680200,85.0,KMX
2020-03-09,80.5,75.19999694824219,80.0999984741211,75.20999908447266,2988800,75.20999908447266,KMX
2020-03-10,80.36000061035156,75.9000015258789,78.13999938964844,79.79000091552734,2251500,79.79000091552734,KMX
2020-03-11,78.12999725341797,75.05999755859375,76.91999816894531,76.20999908447266,2056200,76.20999908447266,KMX
2020-03-12,74.5999984741211,67.31999969482422,71.2300033569336,67.87000274658203,2535300,67.87000274658203,KMX
2020-03-13,72.55000305175781,65.12000274658203,72.44000244140625,69.19000244140625,2560700,69.19000244140625,KMX
2020-03-16,63.130001068115234,51.27000045776367,63.130001068115234,54.95000076293945,4720700,54.95000076293945,KMX
2020-03-17,57.599998474121094,49.41999816894531,55.400001525878906,53.7599983215332,3979300,53.7599983215332,KMX
2020-03-18,50.400001525878906,37.59000015258789,50.209999084472656,48.220001220703125,4240200,48.220001220703125,KMX
2020-03-19,49.63999938964844,41.5099983215332,47.2599983215332,48.130001068115234,3107400,48.130001068115234,KMX
2020-03-20,52.369998931884766,44.02000045776367,49.060001373291016,44.27000045776367,4444800,44.27000045776367,KMX
2020-03-23,48.22999954223633,43.13999938964844,44.099998474121094,47.70000076293945,2855500,47.70000076293945,KMX
2020-03-24,56.810001373291016,51.11000061035156,51.310001373291016,56.31999969482422,2259900,56.31999969482422,KMX
2020-03-25,68.23999786376953,54.2400016784668,58.119998931884766,63.880001068115234,3037000,63.880001068115234,KMX
2020-03-26,67.44999694824219,60.459999084472656,64.9000015258789,60.91999816894531,2736600,60.91999816894531,KMX
2020-03-27,59.27000045776367,53.439998626708984,57.7599983215332,58.93000030517578,2470300,58.93000030517578,KMX
2020-03-30,58.900001525878906,54.209999084472656,57.459999084472656,55.75,1984800,55.75,KMX
2020-03-31,55.7400016784668,53.220001220703125,55.0,53.83000183105469,2423900,53.83000183105469,KMX
2020-04-01,53.709999084472656,48.099998474121094,49.40999984741211,52.36000061035156,3424700,52.36000061035156,KMX
2020-04-02,52.83000183105469,48.2599983215332,49.0099983215332,50.20000076293945,4688300,50.20000076293945,KMX
2020-04-03,49.88999938964844,47.060001373291016,48.75,48.599998474121094,3316600,48.599998474121094,KMX
2020-04-06,55.56999969482422,50.279998779296875,52.36000061035156,54.45000076293945,2540500,54.45000076293945,KMX
2020-04-07,60.97999954223633,56.04999923706055,58.380001068115234,58.0099983215332,2786800,58.0099983215332,KMX
2020-04-08,64.12999725341797,57.70000076293945,59.0,63.220001220703125,2085500,63.220001220703125,KMX
2020-04-09,70.2699966430664,64.5,64.97000122070312,66.5,2834000,66.5,KMX
2020-04-13,66.47000122070312,61.779998779296875,66.11000061035156,62.599998474121094,1916100,62.599998474121094,KMX
2020-04-14,66.18000030517578,63.849998474121094,63.849998474121094,64.38999938964844,2067200,64.38999938964844,KMX
2020-04-15,63.880001068115234,60.810001373291016,62.380001068115234,61.58000183105469,1439200,61.58000183105469,KMX
2020-04-16,61.97999954223633,58.93000030517578,61.689998626708984,59.06999969482422,2340300,59.06999969482422,KMX
2020-04-17,65.8499984741211,61.88999938964844,61.88999938964844,65.22000122070312,4414700,65.22000122070312,KMX
2020-04-20,65.43000030517578,63.11000061035156,63.810001373291016,64.55999755859375,3915100,64.55999755859375,KMX
2020-04-21,64.01000213623047,61.22999954223633,61.349998474121094,63.58000183105469,3827900,63.58000183105469,KMX
2020-04-22,65.55000305175781,64.4000015258789,64.79000091552734,64.91000366210938,2430400,64.91000366210938,KMX
2020-04-23,66.83000183105469,64.83999633789062,65.02999877929688,65.98999786376953,2125900,65.98999786376953,KMX
2020-04-24,71.62000274658203,66.88999938964844,66.88999938964844,70.95999908447266,3321400,70.95999908447266,KMX
2020-04-27,75.80000305175781,71.83000183105469,71.86000061035156,74.97000122070312,2782100,74.97000122070312,KMX
2020-04-28,79.4800033569336,73.69000244140625,76.69000244140625,74.0999984741211,2527400,74.0999984741211,KMX
2020-04-29,80.26000213623047,75.26000213623047,76.19000244140625,78.98999786376953,1880800,78.98999786376953,KMX
2020-04-30,77.72000122070312,73.3499984741211,77.68000030517578,73.6500015258789,1969500,73.6500015258789,KMX
2020-05-01,71.9800033569336,70.16999816894531,70.9800033569336,71.06999969482422,2088200,71.06999969482422,KMX
2020-05-04,71.72000122070312,69.41000366210938,69.98999786376953,71.68000030517578,1932800,71.68000030517578,KMX
2020-05-05,74.4800033569336,72.76000213623047,73.04000091552734,72.97000122070312,1551000,72.97000122070312,KMX
2020-05-06,74.25,72.38999938964844,73.97000122070312,72.97000122070312,1445800,72.97000122070312,KMX
2020-05-07,74.94999694824219,72.36000061035156,73.73999786376953,72.87000274658203,1477400,72.87000274658203,KMX
2020-05-08,76.94000244140625,73.81999969482422,75.01000213623047,76.69000244140625,1578100,76.69000244140625,KMX
2020-05-11,76.86000061035156,74.33999633789062,76.19999694824219,75.95999908447266,1010800,75.95999908447266,KMX
2020-05-12,78.68000030517578,74.7300033569336,77.51000213623047,74.77999877929688,1725800,74.77999877929688,KMX
2020-05-13,74.98999786376953,72.44000244140625,74.41000366210938,73.94999694824219,1661300,73.94999694824219,KMX
2020-05-14,75.25,70.72000122070312,71.2300033569336,75.16999816894531,1371800,75.16999816894531,KMX
2020-05-15,75.97000122070312,72.97000122070312,74.12000274658203,75.80000305175781,1492100,75.80000305175781,KMX
2020-05-18,83.76000213623047,79.58000183105469,80.0199966430664,79.75,2049900,79.75,KMX
2020-05-19,81.19000244140625,78.41999816894531,79.66000366210938,78.94999694824219,1060100,78.94999694824219,KMX
2020-05-20,80.56999969482422,77.91999816894531,79.79000091552734,78.3499984741211,1251300,78.3499984741211,KMX
2020-05-21,80.52999877929688,77.79000091552734,78.55999755859375,80.41999816894531,969400,80.41999816894531,KMX
2020-05-22,81.79000091552734,79.76000213623047,80.68000030517578,81.55000305175781,1429400,81.55000305175781,KMX
2020-05-26,86.37000274658203,83.66999816894531,84.80000305175781,85.22000122070312,1776700,85.22000122070312,KMX
2020-05-27,89.80000305175781,86.05999755859375,87.81999969482422,89.20999908447266,2217300,89.20999908447266,KMX
2020-05-28,90.73999786376953,88.0,90.05999755859375,88.68000030517578,2034900,88.68000030517578,KMX
2020-05-29,89.69000244140625,85.93000030517578,87.51000213623047,88.05000305175781,1931800,88.05000305175781,KMX
2020-06-01,91.44999694824219,89.36000061035156,89.5999984741211,90.08999633789062,1735000,90.08999633789062,KMX
2020-06-02,92.0999984741211,89.87000274658203,91.16000366210938,92.02999877929688,1339600,92.02999877929688,KMX
2020-06-03,94.87000274658203,92.33000183105469,92.54000091552734,94.80000305175781,1252600,94.80000305175781,KMX
2020-06-04,94.91000366210938,92.48999786376953,93.69999694824219,93.12999725341797,1389800,93.12999725341797,KMX
2020-06-05,97.77999877929688,94.23999786376953,96.38999938964844,95.93000030517578,2024600,95.93000030517578,KMX
2020-06-08,98.44999694824219,96.88999938964844,97.05000305175781,98.3499984741211,1526800,98.3499984741211,KMX
2020-06-09,96.6500015258789,93.94999694824219,96.62999725341797,94.91999816894531,1763300,94.91999816894531,KMX
2020-06-10,94.7300033569336,90.83000183105469,94.7300033569336,91.98999786376953,1923700,91.98999786376953,KMX
2020-06-11,89.66000366210938,85.62999725341797,88.66999816894531,87.29000091552734,2155200,87.29000091552734,KMX
2020-06-12,92.0,87.63999938964844,91.0,89.9800033569336,1412100,89.9800033569336,KMX
2020-06-15,93.68000030517578,86.30000305175781,86.62000274658203,92.83000183105469,1648300,92.83000183105469,KMX
2020-06-16,97.76000213623047,94.05000305175781,96.5999984741211,96.36000061035156,1534100,96.36000061035156,KMX
2020-06-17,97.9800033569336,95.27999877929688,96.4800033569336,96.98999786376953,1348300,96.98999786376953,KMX
2020-06-18,98.69000244140625,95.95999908447266,96.01000213623047,97.91000366210938,1931900,97.91000366210938,KMX
2020-06-19,98.95999908447266,89.68000030517578,98.44999694824219,91.87000274658203,6567900,91.87000274658203,KMX
2020-06-22,94.79000091552734,91.70999908447266,92.5,93.95999908447266,2147700,93.95999908447266,KMX
2020-06-23,95.38999938964844,91.04000091552734,95.0,92.20999908447266,2191600,92.20999908447266,KMX
2020-06-24,92.62000274658203,88.51000213623047,91.0,89.44999694824219,1733800,89.44999694824219,KMX
2020-06-25,89.95999908447266,88.30999755859375,89.20999908447266,89.58999633789062,1683100,89.58999633789062,KMX
2020-06-26,89.8499984741211,86.12000274658203,89.37000274658203,86.58000183105469,2826600,86.58000183105469,KMX
2020-06-29,89.06999969482422,85.41999816894531,87.80000305175781,88.9800033569336,932000,88.9800033569336,KMX
2020-06-30,90.47000122070312,88.08000183105469,88.66000366210938,89.55000305175781,987300,89.55000305175781,KMX
2020-07-01,90.94000244140625,88.33999633789062,89.27999877929688,89.0199966430664,935000,89.0199966430664,KMX
2020-07-02,92.37999725341797,88.52999877929688,91.1500015258789,89.22000122070312,1255200,89.22000122070312,KMX
2020-07-06,91.69000244140625,89.56999969482422,90.58000183105469,90.37999725341797,1248700,90.37999725341797,KMX
2020-07-07,90.52999877929688,87.94000244140625,89.87000274658203,88.58999633789062,1275100,88.58999633789062,KMX
2020-07-08,89.63999938964844,87.66999816894531,88.73999786376953,88.69999694824219,1065500,88.69999694824219,KMX
2020-07-09,89.5,85.70999908447266,88.69000244140625,86.2300033569336,1440300,86.2300033569336,KMX
2020-07-10,88.20999908447266,85.87999725341797,86.44999694824219,88.19000244140625,968600,88.19000244140625,KMX
2020-07-13,90.33000183105469,87.19000244140625,89.06999969482422,87.27999877929688,1328100,87.27999877929688,KMX
2020-07-14,91.51000213623047,86.76000213623047,86.94999694824219,91.3499984741211,1131100,91.3499984741211,KMX
2020-07-15,95.05999755859375,92.18000030517578,92.58000183105469,95.04000091552734,1437800,95.04000091552734,KMX
2020-07-16,95.72000122070312,93.91000366210938,94.83999633789062,95.22000122070312,1023900,95.22000122070312,KMX
2020-07-17,95.95999908447266,94.55999755859375,95.55999755859375,95.0199966430664,927500,95.0199966430664,KMX
2020-07-20,94.54000091552734,92.55000305175781,94.20999908447266,93.3499984741211,982900,93.3499984741211,KMX
2020-07-21,96.31999969482422,93.70999908447266,93.80999755859375,95.2699966430664,847200,95.2699966430664,KMX
2020-07-22,98.19999694824219,95.30000305175781,95.30000305175781,97.8499984741211,1387200,97.8499984741211,KMX
2020-07-23,99.95999908447266,96.91999816894531,98.52999877929688,97.77999877929688,1323300,97.77999877929688,KMX
2020-07-24,98.26000213623047,96.51000213623047,97.05999755859375,97.45999908447266,933000,97.45999908447266,KMX
2020-07-27,98.3499984741211,96.55999755859375,97.87999725341797,97.7699966430664,961100,97.7699966430664,KMX
2020-07-28,99.44000244140625,97.05000305175781,97.44999694824219,97.16999816894531,926000,97.16999816894531,KMX
2020-07-29,99.16999816894531,97.4800033569336,97.51000213623047,98.68000030517578,1358300,98.68000030517578,KMX
2020-07-30,98.83999633789062,97.38999938964844,98.0,98.33000183105469,1267200,98.33000183105469,KMX
2020-07-31,98.69000244140625,96.05000305175781,98.55999755859375,96.97000122070312,1104700,96.97000122070312,KMX
2020-08-03,98.27999877929688,96.47000122070312,97.36000061035156,97.4000015258789,892600,97.4000015258789,KMX
2020-08-04,100.69999694824219,97.26000213623047,97.26000213623047,99.36000061035156,1444200,99.36000061035156,KMX
2020-08-05,101.11000061035156,99.44999694824219,100.30000305175781,100.36000061035156,954200,100.36000061035156,KMX
2020-08-06,101.1500015258789,99.18000030517578,99.68000030517578,100.6500015258789,1085500,100.6500015258789,KMX
2020-08-07,100.63999938964844,99.11000061035156,99.76000213623047,100.27999877929688,859700,100.27999877929688,KMX
2020-08-10,102.7699966430664,100.51000213623047,100.51000213623047,102.19999694824219,1375100,102.19999694824219,KMX
2020-08-11,104.83000183105469,102.5,103.0,103.98999786376953,1383800,103.98999786376953,KMX
2020-08-12,106.73999786376953,104.36000061035156,104.69999694824219,106.23999786376953,1484400,106.23999786376953,KMX
2020-08-13,105.86000061035156,104.08000183105469,105.45999908447266,104.36000061035156,831100,104.36000061035156,KMX
2020-08-14,104.93000030517578,103.58999633789062,104.5999984741211,104.3499984741211,575800,104.3499984741211,KMX
2020-08-17,106.4000015258789,104.2699966430664,104.2699966430664,105.62000274658203,1178600,105.62000274658203,KMX
2020-08-18,107.43000030517578,105.66000366210938,106.87000274658203,106.62999725341797,1236500,106.62999725341797,KMX
2020-08-19,107.5,105.70999908447266,107.06999969482422,106.77999877929688,788300,106.77999877929688,KMX
2020-08-20,107.66000366210938,105.41000366210938,105.69999694824219,106.12000274658203,640800,106.12000274658203,KMX
2020-08-21,107.41000366210938,105.63999938964844,106.12999725341797,106.91999816894531,677400,106.91999816894531,KMX
2020-08-24,108.9800033569336,106.94000244140625,107.80000305175781,108.80000305175781,651800,108.80000305175781,KMX
2020-08-25,109.30999755859375,106.98999786376953,108.81999969482422,107.04000091552734,657200,107.04000091552734,KMX
2020-08-26,107.66000366210938,106.36000061035156,106.87999725341797,107.2300033569336,605800,107.2300033569336,KMX
2020-08-27,108.41000366210938,106.26000213623047,107.77999877929688,106.54000091552734,736200,106.54000091552734,KMX
2020-08-28,107.88999938964844,106.44999694824219,107.08999633789062,107.25,624400,107.25,KMX
2020-08-31,107.7699966430664,106.18000030517578,107.29000091552734,106.93000030517578,1021800,106.93000030517578,KMX
2020-09-01,109.1500015258789,105.9000015258789,106.61000061035156,108.58000183105469,1087700,108.58000183105469,KMX
2020-09-02,109.05999755859375,106.63999938964844,108.48999786376953,108.5999984741211,1098300,108.5999984741211,KMX
2020-09-03,108.58999633789062,104.27999877929688,108.58000183105469,106.31999969482422,925200,106.31999969482422,KMX
2020-09-04,108.12000274658203,104.29000091552734,106.66000366210938,105.58000183105469,625500,105.58000183105469,KMX
2020-09-08,107.11000061035156,103.44000244140625,104.23999786376953,104.62000274658203,1336900,104.62000274658203,KMX
2020-09-09,105.83999633789062,103.91999816894531,105.01000213623047,105.1500015258789,1914700,105.1500015258789,KMX
2020-09-10,106.47000122070312,102.37000274658203,105.0,102.45999908447266,1029100,102.45999908447266,KMX
2020-09-11,103.05000305175781,101.08999633789062,102.88999938964844,101.62999725341797,1279800,101.62999725341797,KMX
2020-09-14,105.08999633789062,101.72000122070312,101.86000061035156,104.80000305175781,1108300,104.80000305175781,KMX
2020-09-15,106.44000244140625,104.76000213623047,105.98999786376953,105.01000213623047,914600,105.01000213623047,KMX
2020-09-16,106.0,104.31999969482422,105.69000244140625,104.51000213623047,948500,104.51000213623047,KMX
2020-09-17,104.2300033569336,102.1500015258789,103.2300033569336,102.98999786376953,839300,102.98999786376953,KMX
2020-09-18,104.75,102.44999694824219,102.45999908447266,103.06999969482422,1224500,103.06999969482422,KMX
2020-09-21,102.11000061035156,99.37999725341797,102.11000061035156,101.12000274658203,1251600,101.12000274658203,KMX
2020-09-22,105.77999877929688,103.51000213623047,104.4000015258789,104.30000305175781,1778900,104.30000305175781,KMX
2020-09-23,108.8499984741211,105.86000061035156,108.27999877929688,105.93000030517578,3925400,105.93000030517578,KMX
2020-09-24,100.25,91.69999694824219,100.0999984741211,94.27999877929688,7406400,94.27999877929688,KMX
2020-09-25,95.51000213623047,92.5,95.25,94.02999877929688,3435000,94.02999877929688,KMX
2020-09-28,96.27999877929688,94.44000244140625,95.87999725341797,95.05000305175781,1685700,95.05000305175781,KMX
2020-09-29,94.88999938964844,92.6500015258789,94.70999908447266,93.08000183105469,2104200,93.08000183105469,KMX
2020-09-30,93.48999786376953,91.13999938964844,93.02999877929688,91.91000366210938,2717900,91.91000366210938,KMX
2020-10-01,93.52999877929688,91.12999725341797,92.83999633789062,93.48999786376953,1764600,93.48999786376953,KMX
2020-10-02,95.86000061035156,93.02999877929688,93.55000305175781,95.55000305175781,2556300,95.55000305175781,KMX
2020-10-05,99.19000244140625,96.45999908447266,96.94999694824219,97.91000366210938,2243600,97.91000366210938,KMX
2020-10-06,98.83999633789062,93.0,98.81999969482422,93.1500015258789,2021200,93.1500015258789,KMX
2020-10-07,95.04000091552734,93.44000244140625,93.86000061035156,94.0999984741211,1542100,94.0999984741211,KMX
2020-10-08,96.0999984741211,93.52999877929688,94.56999969482422,95.94000244140625,764100,95.94000244140625,KMX
2020-10-09,97.29000091552734,94.6500015258789,96.80000305175781,94.95999908447266,2174900,94.95999908447266,KMX
2020-10-12,95.19999694824219,92.48999786376953,94.9800033569336,92.51000213623047,1878900,92.51000213623047,KMX
2020-10-13,95.44000244140625,92.12000274658203,92.5199966430664,93.12999725341797,2132500,93.12999725341797,KMX
2020-10-14,93.91999816894531,91.30999755859375,93.73999786376953,91.58000183105469,1963400,91.58000183105469,KMX
2020-10-15,93.7300033569336,90.25,90.5,93.12000274658203,1674300,93.12000274658203,KMX
2020-10-16,94.33000183105469,92.51000213623047,93.37999725341797,93.73999786376953,1251800,93.73999786376953,KMX
2020-10-19,95.76000213623047,91.93000030517578,94.76000213623047,92.04000091552734,1063600,92.04000091552734,KMX
2020-10-20,92.7699966430664,91.08000183105469,92.23999786376953,91.12999725341797,1178300,91.12999725341797,KMX
2020-10-21,93.88999938964844,89.68000030517578,93.06999969482422,89.80999755859375,1083600,89.80999755859375,KMX
2020-10-22,91.68000030517578,89.0,89.52999877929688,91.41999816894531,1075500,91.41999816894531,KMX
2020-10-23,92.04000091552734,89.58999633789062,91.91999816894531,90.94999694824219,950200,90.94999694824219,KMX
2020-10-26,90.3499984741211,87.2699966430664,90.13999938964844,88.79000091552734,1317300,88.79000091552734,KMX
2020-10-27,89.43000030517578,87.25,89.13999938964844,87.44000244140625,1267300,87.44000244140625,KMX
2020-10-28,88.45999908447266,84.69999694824219,85.02999877929688,87.87999725341797,1414000,87.87999725341797,KMX
2020-10-29,88.73999786376953,86.47000122070312,87.52999877929688,88.20999908447266,1381500,88.20999908447266,KMX
2020-10-30,88.44000244140625,85.79000091552734,87.41000366210938,86.44000244140625,1322600,86.44000244140625,KMX
2020-11-02,89.16000366210938,87.11000061035156,87.19999694824219,89.08000183105469,1174100,89.08000183105469,KMX
2020-11-03,93.95999908447266,90.12999725341797,90.12999725341797,93.12000274658203,1154700,93.12000274658203,KMX
2020-11-04,94.19000244140625,91.54000091552734,91.8499984741211,91.55000305175781,1056600,91.55000305175781,KMX
2020-11-05,94.2699966430664,92.44000244140625,92.91999816894531,93.31999969482422,718100,93.31999969482422,KMX
2020-11-06,93.76000213623047,92.11000061035156,93.62999725341797,92.75,682600,92.75,KMX
2020-11-09,101.16000366210938,95.83999633789062,96.69999694824219,95.97000122070312,1499000,95.97000122070312,KMX
2020-11-10,96.6500015258789,92.94000244140625,96.20999908447266,94.30999755859375,1367600,94.30999755859375,KMX
2020-11-11,94.93000030517578,92.69999694824219,94.38999938964844,93.41999816894531,1171400,93.41999816894531,KMX
2020-11-12,93.95999908447266,91.66000366210938,92.87999725341797,93.0999984741211,1083100,93.0999984741211,KMX
2020-11-13,95.70999908447266,93.77999877929688,93.87000274658203,95.4800033569336,924800,95.4800033569336,KMX
2020-11-16,98.2300033569336,95.08999633789062,97.27999877929688,97.58999633789062,886000,97.58999633789062,KMX
2020-11-17,96.79000091552734,94.30999755859375,96.79000091552734,94.7300033569336,1211700,94.7300033569336,KMX
2020-11-18,95.55000305175781,92.72000122070312,94.52999877929688,92.81999969482422,1394800,92.81999969482422,KMX
2020-11-19,94.55000305175781,92.05999755859375,92.68000030517578,94.52999877929688,959400,94.52999877929688,KMX
2020-11-20,95.37000274658203,93.76000213623047,94.45999908447266,94.55000305175781,1176000,94.55000305175781,KMX
2020-11-23,97.19999694824219,94.87999725341797,95.5,96.44000244140625,1249100,96.44000244140625,KMX
2020-11-24,97.81999969482422,95.81999969482422,97.36000061035156,96.04000091552734,1083200,96.04000091552734,KMX
2020-11-25,95.7699966430664,93.94000244140625,95.19999694824219,95.29000091552734,834600,95.29000091552734,KMX
2020-11-27,96.87000274658203,94.87999725341797,95.54000091552734,95.37000274658203,394100,95.37000274658203,KMX
2020-11-30,95.94999694824219,92.6500015258789,94.91000366210938,93.4800033569336,986100,93.4800033569336,KMX
2020-12-01,96.30999755859375,93.56999969482422,94.43000030517578,96.13999938964844,1301800,96.13999938964844,KMX
2020-12-02,96.69000244140625,93.30000305175781,95.47000122070312,96.47000122070312,1414200,96.47000122070312,KMX
2020-12-03,97.33999633789062,95.6500015258789,96.2699966430664,96.2699966430664,882100,96.2699966430664,KMX
2020-12-04,97.08999633789062,95.6500015258789,96.62000274658203,96.5,1007400,96.5,KMX
2020-12-07,97.30000305175781,95.58000183105469,96.43000030517578,96.05999755859375,1112500,96.05999755859375,KMX
2020-12-08,95.7699966430664,93.9000015258789,95.18000030517578,94.37999725341797,1219700,94.37999725341797,KMX
2020-12-09,95.08999633789062,92.16000366210938,92.87000274658203,94.87000274658203,1527100,94.87000274658203,KMX
2020-12-10,95.22000122070312,93.55000305175781,94.23999786376953,94.33999633789062,737900,94.33999633789062,KMX
2020-12-11,94.94999694824219,93.38999938964844,93.9000015258789,93.93000030517578,807700,93.93000030517578,KMX
2020-12-14,95.41000366210938,92.30000305175781,94.94000244140625,92.54000091552734,1455900,92.54000091552734,KMX
2020-12-15,96.37999725341797,93.80999755859375,93.87999725341797,96.12999725341797,1070500,96.12999725341797,KMX
2020-12-16,99.55000305175781,96.16000366210938,96.54000091552734,99.08000183105469,1567900,99.08000183105469,KMX
2020-12-17,99.9000015258789,97.01000213623047,98.72000122070312,99.79000091552734,1545000,99.79000091552734,KMX
2020-12-18,100.44000244140625,97.94000244140625,99.37000274658203,98.25,3965300,98.25,KMX
2020-12-21,100.68000030517578,97.20999908447266,97.5199966430664,100.45999908447266,2899700,100.45999908447266,KMX
2020-12-22,98.83000183105469,91.83000183105469,96.62000274658203,92.33000183105469,9158500,92.33000183105469,KMX
2020-12-23,94.01000213623047,92.0,92.94000244140625,93.18000030517578,2539300,93.18000030517578,KMX
2020-12-24,93.47000122070312,91.25,93.27999877929688,92.30000305175781,1042300,92.30000305175781,KMX
2020-12-28,92.83999633789062,90.87999725341797,92.83999633789062,91.0,1346100,91.0,KMX
2020-12-29,92.44999694824219,90.30000305175781,91.01000213623047,92.23999786376953,1225100,92.23999786376953,KMX
2020-12-30,94.8499984741211,91.75,91.79000091552734,94.62000274658203,1307800,94.62000274658203,KMX
2020-12-31,95.0,92.88999938964844,94.18000030517578,94.45999908447266,1171100,94.45999908447266,KMX
