,V1,,,
1,8.80983847,,,
2,12.08005246,,Max,17.92803974
3,8.621497678,,Min,1.633232773
4,9.765706307,,Mean,9.448914908
5,14.60801081,,Variance,4.024630062
6,7.1751307,,Quartile,8.126137346
7,8.814934274,,,
8,7.931828238,,,
9,13.22407495,,,
10,11.28733572,,,
11,13.65276312,,,
12,7.54433216,,,
13,8.732234445,,,
14,10.31398573,,,
15,11.68936341,,,
16,9.942625042,,,
17,15.53822659,,,
18,8.290725359,,,
19,10.74527962,,,
20,8.689006798,,,
21,10.76642178,,,
22,8.877693243,,,
23,5.417299581,,,
24,10.35683607,,,
25,12.97294662,,,
26,10.03370026,,,
27,6.341233702,,,
28,7.39821927,,,
29,8.855077802,,,
30,9.953854853,,,
31,10.13305791,,,
32,8.920094218,,,
33,10.93494362,,,
34,12.04982713,,,
35,11.33051274,,,
36,10.6666075,,,
37,10.75058602,,,
38,11.14454838,,,
39,10.26509413,,,
40,8.784014415,,,
41,9.736093217,,,
42,8.312200526,,,
43,13.80279662,,,
44,8.820592665,,,
45,10.03060336,,,
46,6.599132806,,,
47,5.788040896,,,
48,11.98449139,,,
49,8.182310591,,,
50,10.01645092,,,
51,8.071527577,,,
52,6.481649959,,,
53,9.223741507,,,
54,9.199261511,,,
55,13.78528496,,,
56,10.12222017,,,
57,10.25517491,,,
58,11.14817635,,,
59,11.14907838,,,
60,7.517993174,,,
61,5.993780081,,,
62,7.802876501,,,
63,8.276725417,,,
64,9.110271131,,,
65,10.2026921,,,
66,7.167180887,,,
67,11.75549459,,,
68,9.643461036,,,
69,7.351204672,,,
70,13.09202902,,,
71,11.22150193,,,
72,11.40702248,,,
73,11.27238091,,,
74,14.37740132,,,
75,8.500145104,,,
76,9.572231141,,,
77,6.721196198,,,
78,8.648393393,,,
79,9.73961832,,,
80,10.0090052,,,
81,13.02815233,,,
82,8.668387279,,,
83,8.701518318,,,
84,6.544630908,,,
85,8.790889596,,,
86,9.21560347,,,
87,7.47820956,,,
88,9.534258335,,,
89,11.99573684,,,
90,7.386571427,,,
91,10.72876552,,,
92,9.314743064,,,
93,10.18466418,,,
94,9.059967364,,,
95,9.112153047,,,
96,9.500351604,,,
97,7.086907217,,,
98,11.15467915,,,
99,7.612942268,,,
100,6.17857654,,,
101,10.25774,,,
102,10.46158827,,,
103,8.59771384,,,
104,10.09658449,,,
105,12.3332912,,,
106,7.927969532,,,
107,8.612991947,,,
108,8.876731505,,,
109,13.03439914,,,
110,9.139876672,,,
111,8.956894815,,,
112,9.431100614,,,
113,10.01739515,,,
114,7.495229084,,,
115,11.09963336,,,
116,7.45578522,,,
117,12.36461999,,,
118,8.290593931,,,
119,9.185808859,,,
120,10.76396352,,,
121,10.91999542,,,
122,6.785263713,,,
123,6.391834181,,,
124,8.867606751,,,
125,9.244219792,,,
126,12.42035356,,,
127,11.2650845,,,
128,12.58449972,,,
129,10.48832538,,,
130,12.26193355,,,
131,8.735444187,,,
132,12.29703889,,,
133,9.608110552,,,
134,11.05009198,,,
135,11.58943507,,,
136,8.199292244,,,
137,11.51833637,,,
138,6.691765631,,,
139,11.60731203,,,
140,9.156101614,,,
141,8.910717577,,,
142,11.07255719,,,
143,9.625386946,,,
144,14.78258051,,,
145,9.076540482,,,
146,10.09589465,,,
147,11.10093046,,,
148,8.831586224,,,
149,8.5694574,,,
150,9.461256094,,,
151,13.11514216,,,
152,8.451927801,,,
153,7.579733381,,,
154,7.216283552,,,
155,9.259210295,,,
156,7.393699797,,,
157,11.5485592,,,
158,9.463702957,,,
159,5.592999099,,,
160,11.95996614,,,
161,8.008237207,,,
162,9.986239399,,,
163,9.331066827,,,
164,7.314325884,,,
165,11.43751602,,,
166,10.69765046,,,
167,9.451787679,,,
168,10.6161866,,,
169,10.43785109,,,
170,8.096795814,,,
171,12.45750998,,,
172,8.993133333,,,
173,7.430992376,,,
174,8.4381585,,,
175,11.3486876,,,
176,10.12340443,,,
177,11.48663877,,,
178,8.792228359,,,
179,12.19176878,,,
180,7.812222517,,,
181,9.548684743,,,
182,1.633232773,,,
183,10.26079964,,,
184,9.710743314,,,
185,13.10452552,,,
186,11.39558312,,,
187,4.506531223,,,
188,9.210780691,,,
189,13.06804973,,,
190,9.843029059,,,
191,10.47916638,,,
192,5.896561474,,,
193,8.510917983,,,
194,7.370547255,,,
195,6.442695025,,,
196,7.788722874,,,
197,11.00352702,,,
198,11.04496102,,,
199,10.24635082,,,
200,6.746657722,,,
201,9.627760599,,,
202,9.388432352,,,
203,10.38728296,,,
204,8.901375741,,,
205,8.042912993,,,
206,10.12121859,,,
207,7.550070188,,,
208,8.293900638,,,
209,12.45888009,,,
210,12.02132478,,,
211,8.44482822,,,
212,9.834845444,,,
213,8.288821914,,,
214,9.127129228,,,
215,9.856126914,,,
216,12.10319669,,,
217,10.10899201,,,
218,10.30638619,,,
219,9.442279913,,,
220,9.081879088,,,
221,10.72468923,,,
222,7.179461714,,,
223,14.00005889,,,
224,11.57204438,,,
225,6.924996971,,,
226,8.238643383,,,
227,10.21819269,,,
228,10.17051268,,,
229,8.227912725,,,
230,12.15459868,,,
231,8.506096059,,,
232,9.37624332,,,
233,8.585074218,,,
234,11.20360223,,,
235,6.473646966,,,
236,9.599941543,,,
237,7.712675548,,,
238,12.60833897,,,
239,4.976987491,,,
240,10.39439504,,,
241,6.042069801,,,
242,12.39636557,,,
243,7.624674538,,,
244,7.846103311,,,
245,10.71529445,,,
246,10.75273071,,,
247,7.198430864,,,
248,11.81682854,,,
249,8.473529007,,,
250,13.77325516,,,
251,8.24322486,,,
252,10.1189468,,,
253,7.9743461,,,
254,10.74860512,,,
255,11.42754145,,,
256,10.74782215,,,
257,7.934353715,,,
258,6.833619858,,,
259,8.591899009,,,
260,10.95994827,,,
261,12.05381171,,,
262,10.48656096,,,
263,8.584572537,,,
264,8.21254376,,,
265,9.348063886,,,
266,8.804949359,,,
267,9.441238865,,,
268,4.217421877,,,
269,7.449103759,,,
270,9.392309771,,,
271,13.87264201,,,
272,8.596631295,,,
273,17.92803974,,,
274,8.585746434,,,
275,9.012997129,,,
276,10.46110369,,,
277,13.82325743,,,
278,12.49807147,,,
279,9.779759727,,,
280,11.62716004,,,
281,12.13350971,,,
282,13.0119333,,,
283,4.829606346,,,
284,11.10738874,,,
285,12.91391521,,,
286,7.387243436,,,
287,10.21860202,,,
288,7.121141996,,,
289,9.24846935,,,
290,8.367897413,,,
291,5.984463686,,,
292,7.721380069,,,
293,8.545769514,,,
294,11.50199705,,,
295,8.380194862,,,
296,9.023824577,,,
297,7.730162967,,,
298,11.76918461,,,
299,8.735605322,,,
300,9.182838588,,,
301,8.921898524,,,
302,5.361190971,,,
303,10.0611376,,,
304,9.416816167,,,
305,6.691284276,,,
306,9.03850139,,,
307,12.74629562,,,
308,4.269528732,,,
309,10.12248525,,,
310,10.87407986,,,
311,9.51072986,,,
312,9.849030073,,,
313,6.740441441,,,
314,8.311621012,,,
315,8.019775267,,,
316,8.342490822,,,
317,15.48523467,,,
318,8.937257692,,,
319,6.1637894,,,
320,8.10153111,,,
321,13.42496775,,,
322,10.02580935,,,
323,11.63478402,,,
324,11.29636135,,,
325,8.509019579,,,
326,7.899479497,,,
327,8.383405175,,,
328,12.32690861,,,
329,8.567026052,,,
330,10.18738356,,,
331,8.965143162,,,
332,10.73996847,,,
333,9.022351193,,,
334,5.803209226,,,
335,6.829262783,,,
336,6.938796253,,,
337,9.655546508,,,
338,6.603182198,,,
339,14.04663613,,,
340,10.40858078,,,
341,10.57318619,,,
342,8.25049512,,,
343,11.03867069,,,
344,8.815363837,,,
345,8.959413553,,,
346,12.57927061,,,
347,7.550148335,,,
348,10.06576825,,,
349,11.48755811,,,
350,10.78192448,,,
351,9.004235932,,,
352,7.858594532,,,
353,9.239153834,,,
354,9.111564406,,,
355,12.78522159,,,
356,7.336585467,,,
357,8.748466752,,,
358,12.34439523,,,
359,6.674389686,,,
360,10.17770379,,,
361,9.894321687,,,
362,8.634349419,,,
363,10.55101449,,,
364,9.70375603,,,
365,9.805401682,,,
366,6.085622486,,,
367,10.71473881,,,
368,8.653904923,,,
369,12.59327756,,,
370,15.59549312,,,
371,10.05036924,,,
372,9.706072372,,,
373,11.01258484,,,
374,9.375772984,,,
375,6.376052082,,,
376,6.904597143,,,
377,7.611097935,,,
378,11.5447614,,,
379,12.88524209,,,
380,12.33968263,,,
381,12.88799937,,,
382,7.055842415,,,
383,11.87690312,,,
384,8.594420832,,,
385,9.430444006,,,
386,9.932793221,,,
387,9.904854493,,,
388,11.07003444,,,
389,5.930528702,,,
390,8.087065596,,,
391,8.897130033,,,
392,13.82352435,,,
393,9.798904112,,,
394,7.331892961,,,
395,5.216771014,,,
396,9.15512917,,,
397,11.06272904,,,
398,11.19954629,,,
399,8.313242165,,,
400,13.53873007,,,
401,5.673191404,,,
402,9.593467135,,,
403,9.500199738,,,
404,6.257988609,,,
405,7.731119419,,,
406,9.050911868,,,
407,13.49316076,,,
408,14.65435246,,,
409,6.027699411,,,
410,8.770212989,,,
411,9.22611613,,,
412,8.42083534,,,
413,8.609820305,,,
414,8.811957615,,,
415,7.654100161,,,
416,8.737222035,,,
417,7.620317522,,,
418,7.23884901,,,
419,6.863213433,,,
420,9.574133019,,,
421,9.182387456,,,
422,10.56545071,,,
423,8.458062176,,,
424,10.08199492,,,
425,7.602399486,,,
426,9.227647983,,,
427,9.599656485,,,
428,7.815264055,,,
429,9.182409612,,,
430,12.08595548,,,
431,10.0552919,,,
432,9.116924404,,,
433,8.787722467,,,
434,13.89714638,,,
435,10.15581626,,,
436,10.10836367,,,
437,13.84424729,,,
438,7.472740537,,,
439,9.174825329,,,
440,7.529200731,,,
441,9.859780753,,,
442,9.590934693,,,
443,11.33887808,,,
444,10.61879008,,,
445,9.854445238,,,
446,9.645463031,,,
447,8.160121691,,,
448,10.34798202,,,
449,11.95805156,,,
450,12.24963499,,,
451,9.525063309,,,
452,8.261698674,,,
453,7.529114611,,,
454,7.705914035,,,
455,9.646946791,,,
456,9.615912871,,,
457,11.31178665,,,
458,9.894509372,,,
459,8.057206498,,,
460,9.75166163,,,
461,10.48210138,,,
462,11.69690838,,,
463,10.15120087,,,
464,11.82810729,,,
465,11.31528575,,,
466,10.60559356,,,
467,11.8506844,,,
468,11.01951618,,,
469,10.20293515,,,
470,9.698565806,,,
471,7.825033394,,,
472,8.728813286,,,
473,9.496193982,,,
474,11.02669718,,,
475,9.570002049,,,
476,7.849324833,,,
477,10.08280077,,,
478,9.704920277,,,
479,11.83452692,,,
480,5.899764299,,,
481,7.675863966,,,
482,12.82408448,,,
483,4.751766117,,,
484,4.763806624,,,
485,10.98790265,,,
486,11.67495663,,,
487,14.77289166,,,
488,3.988327628,,,
489,4.828548857,,,
490,11.39006156,,,
491,8.831088956,,,
492,11.58201082,,,
493,11.03479336,,,
494,8.897418652,,,
495,9.034224328,,,
496,9.244933866,,,
497,11.27256605,,,
498,10.52119312,,,
499,8.990918135,,,
500,10.34084872,,,
501,7.448855048,,,
502,7.623799178,,,
503,9.986988308,,,
504,6.235338532,,,
505,6.611476262,,,
506,7.407180666,,,
507,11.83915151,,,
508,9.298558781,,,
509,8.184060845,,,
510,10.79091302,,,
511,12.12495918,,,
512,6.684529296,,,
513,9.395075532,,,
514,6.728119248,,,
515,8.828531383,,,
516,12.58755616,,,
517,9.589868269,,,
518,8.465546039,,,
519,8.252234544,,,
520,11.31331033,,,
521,8.694410976,,,
522,10.2692105,,,
523,9.146453844,,,
524,10.89167492,,,
525,10.79681423,,,
526,11.48932653,,,
527,6.28524733,,,
528,5.879042108,,,
529,12.10090041,,,
530,6.436190002,,,
531,11.60010702,,,
532,7.256490929,,,
533,9.971797613,,,
534,10.12698358,,,
535,8.914050087,,,
536,9.910520833,,,
537,9.003423528,,,
538,10.05504462,,,
539,11.96311319,,,
540,8.783188076,,,
541,10.91699048,,,
542,10.23371723,,,
543,14.94749375,,,
544,11.37383888,,,
545,8.762713674,,,
546,11.93684471,,,
547,7.126003218,,,
548,4.540964399,,,
549,7.82172784,,,
550,10.27072403,,,
551,7.69745394,,,
552,11.35648143,,,
553,9.257760759,,,
554,12.53219745,,,
555,5.99569782,,,
556,11.01159168,,,
557,12.01598914,,,
558,11.86281567,,,
559,9.892634018,,,
560,8.283504681,,,
561,7.258060088,,,
562,9.604740668,,,
563,8.986141551,,,
564,9.29894381,,,
565,11.6445699,,,
566,8.768437415,,,
567,12.44156292,,,
568,9.205856939,,,
569,15.37005707,,,
570,11.19501398,,,
571,8.528609625,,,
572,9.233827115,,,
573,9.352317765,,,
574,9.148293045,,,
575,12.83911537,,,
576,10.23223996,,,
577,7.638922957,,,
578,5.456399928,,,
579,9.33537488,,,
580,7.522624415,,,
581,10.73896242,,,
582,8.137269427,,,
583,11.34614936,,,
584,9.261620242,,,
585,6.406196118,,,
586,7.232049275,,,
587,12.65020124,,,
588,10.77505277,,,
589,6.97180889,,,
590,8.791179761,,,
591,9.072245166,,,
592,10.69188039,,,
593,5.552792138,,,
594,10.06158127,,,
595,13.06125164,,,
596,9.642252588,,,
597,11.7646515,,,
598,8.73706678,,,
599,7.625766583,,,
600,12.187105,,,
601,7.954085306,,,
602,10.44337463,,,
603,9.491473326,,,
604,7.996060424,,,
605,8.002924834,,,
606,7.716246104,,,
607,7.983628842,,,
608,8.644315018,,,
609,11.63360216,,,
610,7.250810391,,,
611,7.127537095,,,
612,9.694285083,,,
613,9.290389328,,,
614,3.162607586,,,
615,8.873968133,,,
616,9.868797183,,,
617,13.24941554,,,
618,8.730970241,,,
619,9.850705692,,,
620,11.18801387,,,
621,8.233824456,,,
622,9.227545463,,,
623,13.40736024,,,
624,9.575761921,,,
625,6.946821204,,,
626,11.83455111,,,
627,10.08023404,,,
628,7.046728784,,,
629,12.48628201,,,
630,11.86813105,,,
631,8.373919532,,,
632,12.7602762,,,
633,11.28715931,,,
634,11.4976607,,,
635,7.115175049,,,
636,10.29758384,,,
637,11.40856193,,,
638,8.601540934,,,
639,6.478736249,,,
640,11.04465562,,,
641,7.849528309,,,
642,11.5895374,,,
643,13.78797189,,,
644,9.797765452,,,
645,10.08649945,,,
646,5.142197787,,,
647,10.9482024,,,
648,12.38576997,,,
649,10.85458852,,,
650,9.609179797,,,
651,8.694252414,,,
652,7.229924814,,,
653,10.27274541,,,
654,9.505492258,,,
655,4.818721029,,,
656,9.710543369,,,
657,12.19815869,,,
658,11.55841202,,,
659,6.753382231,,,
660,12.89633868,,,
661,7.420950146,,,
662,5.819508164,,,
663,9.668214116,,,
664,9.492399313,,,
665,7.268966786,,,
666,8.077290419,,,
667,9.116143369,,,
668,11.30888572,,,
669,9.137865797,,,
670,9.535660917,,,
671,12.35588238,,,
672,9.994373732,,,
673,3.60849464,,,
674,5.468585045,,,
675,8.130301786,,,
676,8.460098548,,,
677,14.51057314,,,
678,8.018324441,,,
679,9.184955785,,,
680,13.38296936,,,
681,11.03265038,,,
682,6.267213339,,,
683,8.820458366,,,
684,6.993411938,,,
685,12.18615908,,,
686,10.5625512,,,
687,8.045055252,,,
688,10.54963481,,,
689,9.657609199,,,
690,7.223728682,,,
691,9.456648866,,,
692,11.0512532,,,
693,10.40586422,,,
694,6.764169212,,,
695,9.801775649,,,
696,6.866852007,,,
697,7.314285086,,,
698,11.84280113,,,
699,12.58423245,,,
700,9.739262673,,,
701,11.109036,,,
702,5.394435644,,,
703,11.80913147,,,
704,9.133441911,,,
705,11.3953315,,,
706,9.117342345,,,
707,11.36468953,,,
708,9.947213324,,,
709,8.562161985,,,
710,7.188842049,,,
711,7.044259537,,,
712,11.52850601,,,
713,10.19174962,,,
714,7.870746545,,,
715,7.557356394,,,
716,10.04225137,,,
717,11.29475899,,,
718,8.917369379,,,
719,11.16049478,,,
720,12.57886368,,,
721,10.66988956,,,
722,10.08392004,,,
723,8.273944428,,,
724,13.44175114,,,
725,6.273229412,,,
726,8.396782819,,,
727,11.68449801,,,
728,8.107882801,,,
729,10.46232782,,,
730,8.940478261,,,
731,7.653956978,,,
732,7.343434757,,,
733,9.892800931,,,
734,10.05181166,,,
735,10.96510607,,,
736,9.72288019,,,
737,6.174124534,,,
738,9.666627721,,,
739,14.02711107,,,
740,11.7166189,,,
741,11.21458008,,,
742,10.21383817,,,
743,9.977197138,,,
744,11.8374914,,,
745,10.97536307,,,
746,8.930014372,,,
747,7.925040497,,,
748,11.55997424,,,
749,8.685654609,,,
750,11.82388051,,,
751,7.240153305,,,
752,9.148112239,,,
753,2.074266578,,,
754,13.98738042,,,
755,9.894843057,,,
756,9.697718021,,,
757,8.462050694,,,
758,7.676718352,,,
759,10.01443765,,,
760,7.087819768,,,
761,12.29499006,,,
762,9.32751978,,,
763,9.306038102,,,
764,4.539913489,,,
765,10.81901304,,,
766,12.54288091,,,
767,6.620256354,,,
768,7.955871893,,,
769,7.828373668,,,
770,7.800407752,,,
771,12.54907225,,,
772,7.230187012,,,
773,8.030616949,,,
774,5.30766075,,,
775,10.64101155,,,
776,10.19781404,,,
777,12.64048026,,,
778,8.022629506,,,
779,8.068949085,,,
780,5.615812181,,,
781,12.61638095,,,
782,5.791809903,,,
783,10.39930374,,,
784,12.1371987,,,
785,8.155758815,,,
786,8.51681785,,,
787,8.238561683,,,
788,9.566471456,,,
789,10.89992487,,,
790,14.53817174,,,
791,9.667792872,,,
792,10.53098983,,,
793,8.697888364,,,
794,11.25580249,,,
795,8.660900017,,,
796,10.01412033,,,
797,13.11882821,,,
798,9.091333397,,,
799,7.028205729,,,
800,12.64395565,,,
801,6.283567174,,,
802,10.57553477,,,
803,11.64349144,,,
804,11.57325208,,,
805,12.59990279,,,
806,10.30087435,,,
807,11.03483682,,,
808,5.649688842,,,
809,11.68911239,,,
810,11.85395693,,,
811,8.684811812,,,
812,11.02186413,,,
813,9.9881622,,,
814,10.82748844,,,
815,11.22763611,,,
816,10.11665531,,,
817,9.167607038,,,
818,7.392569295,,,
819,11.35996439,,,
820,12.30406355,,,
821,9.194440493,,,
822,11.38211782,,,
823,9.27672236,,,
824,13.05484417,,,
825,9.140275215,,,
826,8.662540904,,,
827,9.908685663,,,
828,7.998860101,,,
829,9.25596102,,,
830,8.986119889,,,
831,8.39320257,,,
832,9.246786515,,,
833,8.266596027,,,
834,9.273599559,,,
835,7.475192832,,,
836,8.964511254,,,
837,11.50356665,,,
838,8.561436773,,,
839,13.04631792,,,
840,12.20048225,,,
841,10.22024388,,,
842,13.17526508,,,
843,8.199412664,,,
844,7.936365386,,,
845,7.714466345,,,
846,7.837632701,,,
847,4.773503094,,,
848,11.95148846,,,
849,8.80964024,,,
850,7.840357287,,,
851,7.981684052,,,
852,9.769416017,,,
853,11.44250016,,,
854,8.518382963,,,
855,8.457390771,,,
856,9.107947078,,,
857,9.100242279,,,
858,10.13444614,,,
859,6.430872277,,,
860,7.765350701,,,
861,11.64029661,,,
862,10.54312187,,,
863,8.357319644,,,
864,9.141011574,,,
865,9.769464708,,,
866,11.50579469,,,
867,8.933305644,,,
868,8.674575534,,,
869,5.415131826,,,
870,10.27553894,,,
871,9.025139189,,,
872,9.510667959,,,
873,13.31887295,,,
874,5.361322759,,,
875,8.433957147,,,
876,7.229741546,,,
877,8.359097895,,,
878,12.38849226,,,
879,12.54164545,,,
880,9.746079706,,,
881,8.541461327,,,
882,10.5325167,,,
883,9.855317221,,,
884,11.20312338,,,
885,10.09313384,,,
886,9.004820789,,,
887,5.721342471,,,
888,10.64454401,,,
889,10.13071612,,,
890,6.422290193,,,
891,7.776820424,,,
892,9.504770317,,,
893,6.633816778,,,
894,9.296831526,,,
895,10.94274926,,,
896,9.391525128,,,
897,8.118832004,,,
898,11.835623,,,
899,8.549558027,,,
900,6.311373247,,,
901,10.17136447,,,
902,10.21693213,,,
903,8.992030003,,,
904,8.262284692,,,
905,13.24547503,,,
906,9.115264777,,,
907,6.22634483,,,
908,6.902534036,,,
909,8.973425403,,,
910,10.5452231,,,
911,10.49956524,,,
912,9.93034497,,,
913,11.26448816,,,
914,10.38303529,,,
915,9.353544377,,,
916,7.183264374,,,
917,6.533110597,,,
918,7.61327496,,,
919,7.054427187,,,
920,10.97576048,,,
921,9.357682951,,,
922,7.273219979,,,
923,7.129798725,,,
924,4.729093014,,,
925,8.659012311,,,
926,9.240368419,,,
927,8.764507573,,,
928,10.79937482,,,
929,8.547757873,,,
930,12.34418848,,,
931,9.415006861,,,
932,9.506604825,,,
933,8.48114292,,,
934,7.165982431,,,
935,8.391432857,,,
936,8.225162973,,,
937,10.41001514,,,
938,7.479710149,,,
939,8.823518761,,,
940,10.92386031,,,
941,10.46035522,,,
942,9.193303418,,,
943,9.309555588,,,
944,10.45817028,,,
945,10.54646599,,,
946,10.37089761,,,
947,12.3961764,,,
948,10.27304987,,,
949,6.824406262,,,
950,11.83391306,,,
951,10.26309869,,,
952,11.16454722,,,
953,10.47852146,,,
954,7.943122453,,,
955,8.322251431,,,
956,6.554944908,,,
957,7.924787619,,,
958,8.216087152,,,
959,8.931519166,,,
960,10.60870125,,,
961,10.26523791,,,
962,9.667143947,,,
963,10.61266583,,,
964,8.412351015,,,
965,9.294230137,,,
966,7.459147353,,,
967,7.699192302,,,
968,8.24341583,,,
969,7.280729664,,,
970,6.237119604,,,
971,10.83554088,,,
972,6.891940797,,,
973,13.54047048,,,
974,5.60361141,,,
975,10.95300176,,,
976,10.69719167,,,
977,10.92306669,,,
978,8.996293359,,,
979,9.823075391,,,
980,10.53558671,,,
981,8.794237429,,,
982,13.21124162,,,
983,10.3475591,,,
984,12.32561082,,,
985,7.595430319,,,
986,8.594761087,,,
987,8.003493218,,,
988,6.539309826,,,
989,8.906409385,,,
990,8.236471267,,,
991,6.455128634,,,
992,9.73375916,,,
993,10.52023689,,,
994,8.916027555,,,
995,7.011264567,,,
996,8.40161089,,,
997,7.243366404,,,
998,7.242545162,,,
999,10.58443111,,,
1000,10.4093296,,,
1001,13.27750045,,,
1002,7.51253611,,,
1003,5.642442517,,,
1004,10.03445436,,,
1005,9.296697289,,,
1006,10.37701825,,,
1007,10.85449591,,,
1008,9.332681018,,,
1009,11.42656494,,,
1010,7.057346152,,,
1011,6.347567604,,,
1012,11.76270463,,,
1013,10.94419219,,,
1014,11.55737483,,,
1015,7.186360541,,,
1016,9.132635987,,,
1017,13.06638604,,,
1018,13.77324441,,,
1019,10.51404636,,,
1020,10.69327973,,,
1021,11.36730399,,,
1022,7.004332977,,,
1023,10.95041588,,,
1024,10.80995437,,,
1025,8.160593621,,,
1026,8.353539961,,,
1027,7.803889477,,,
1028,11.53184492,,,
1029,9.750630044,,,
1030,7.356544955,,,
1031,7.321511326,,,
1032,14.17733433,,,
1033,12.24473192,,,
1034,9.986564685,,,
1035,3.401189278,,,
1036,12.96649016,,,
1037,8.851054391,,,
1038,8.732879076,,,
1039,11.18093229,,,
1040,6.658753912,,,
1041,9.311454621,,,
1042,7.389962528,,,
1043,9.22637118,,,
1044,5.285927171,,,
1045,9.577131436,,,
1046,8.78069515,,,
1047,9.851219147,,,
1048,8.480875453,,,
1049,8.901839009,,,
1050,8.242923665,,,
1051,9.324486467,,,
1052,7.835561043,,,
1053,10.47809118,,,
1054,10.00188258,,,
1055,11.75748424,,,
1056,9.91463212,,,
1057,8.412968578,,,
1058,10.22501892,,,
1059,10.81587251,,,
1060,8.831452764,,,
1061,11.06472948,,,
1062,7.866185274,,,
1063,13.99096704,,,
1064,4.814596555,,,
1065,10.75399014,,,
1066,4.048315529,,,
1067,12.44863992,,,
1068,8.126272038,,,
1069,7.219278068,,,
1070,10.05324599,,,
1071,10.87378616,,,
1072,11.18022929,,,
1073,9.964388278,,,
1074,10.12080834,,,
1075,9.867592261,,,
1076,9.057887305,,,
1077,12.98691542,,,
1078,11.62661038,,,
1079,9.780788981,,,
1080,12.67372452,,,
1081,10.85754455,,,
1082,8.566614452,,,
1083,7.60364715,,,
1084,8.502340947,,,
1085,9.828937192,,,
1086,8.512800287,,,
1087,11.76149529,,,
1088,11.9514194,,,
1089,10.23757442,,,
1090,11.19003076,,,
1091,8.040336949,,,
1092,6.833525437,,,
1093,9.866360233,,,
1094,12.40465689,,,
1095,7.526090413,,,
1096,9.31023244,,,
1097,9.361616058,,,
1098,10.92036828,,,
1099,10.53086867,,,
1100,8.300222479,,,
1101,9.412391638,,,
1102,9.494123341,,,
1103,12.42115115,,,
1104,9.583626069,,,
1105,9.741500762,,,
1106,8.641961812,,,
1107,7.452933117,,,
1108,13.03890055,,,
1109,8.625617044,,,
1110,9.189467667,,,
1111,9.416377496,,,
1112,10.5436831,,,
1113,12.21447486,,,
1114,9.969685815,,,
1115,9.177752719,,,
1116,11.26290508,,,
1117,6.844464635,,,
1118,9.5575864,,,
1119,10.02844286,,,
1120,11.8478624,,,
1121,9.561431426,,,
1122,11.35119946,,,
1123,11.9115609,,,
1124,8.457150212,,,
1125,7.687500941,,,
1126,8.765101462,,,
1127,9.421922485,,,
1128,6.016875201,,,
1129,9.606549601,,,
1130,8.336121576,,,
1131,8.163415228,,,
1132,13.69786492,,,
1133,10.29046097,,,
1134,9.019853214,,,
1135,7.840465615,,,
1136,9.58043423,,,
1137,11.20871334,,,
1138,8.823764269,,,
1139,11.10419898,,,
1140,7.042774024,,,
1141,8.965412167,,,
1142,12.02689067,,,
1143,10.75145543,,,
1144,8.404183754,,,
1145,8.391645348,,,
1146,8.231764784,,,
1147,9.491264996,,,
1148,10.62444021,,,
1149,10.24927108,,,
1150,13.12078671,,,
1151,7.955366625,,,
1152,8.444037336,,,
1153,12.35121964,,,
1154,6.261266397,,,
1155,9.804684894,,,
1156,10.35147813,,,
1157,10.95891683,,,
1158,13.64580703,,,
1159,6.491642077,,,
1160,9.005516757,,,
1161,9.678516702,,,
1162,11.77014662,,,
1163,9.052761262,,,
1164,6.06707641,,,
1165,7.113565093,,,
1166,12.13775995,,,
1167,10.90140439,,,
1168,7.607468326,,,
1169,7.979470135,,,
1170,7.74807409,,,
1171,9.10446035,,,
1172,10.32308388,,,
1173,10.95146093,,,
1174,7.478229114,,,
1175,11.26621695,,,
1176,9.876899866,,,
1177,8.960260586,,,
1178,10.01198003,,,
1179,11.54354586,,,
1180,9.778720347,,,
1181,10.62616137,,,
1182,9.330074271,,,
1183,7.463538702,,,
1184,7.895795787,,,
1185,10.34599413,,,
1186,4.365640746,,,
1187,12.42915779,,,
1188,7.047792298,,,
1189,9.062943606,,,
1190,10.74646123,,,
1191,8.379382283,,,
1192,10.17205286,,,
1193,10.44126593,,,
1194,11.33887798,,,
1195,8.944620294,,,
1196,13.29920462,,,
1197,12.05171268,,,
1198,11.70554257,,,
1199,6.202585212,,,
1200,10.34022299,,,
1201,11.32534328,,,
1202,9.970080502,,,
1203,10.01234287,,,
1204,8.890965048,,,
1205,6.033957,,,
1206,8.701304702,,,
1207,11.13626789,,,
1208,12.65824507,,,
1209,11.18565227,,,
1210,12.19307888,,,
1211,9.428025205,,,
1212,7.654873934,,,
1213,12.71537731,,,
1214,5.826652803,,,
1215,8.626920141,,,
1216,10.12597475,,,
1217,9.869978475,,,
1218,9.191956683,,,
1219,7.024395052,,,
1220,10.12505624,,,
1221,11.56486631,,,
1222,9.117330102,,,
1223,4.675822014,,,
1224,11.31875813,,,
1225,10.1748757,,,
1226,6.901307743,,,
1227,9.480269262,,,
1228,9.560576976,,,
1229,8.985500086,,,
1230,10.48288379,,,
1231,9.581208272,,,
1232,7.475097159,,,
1233,9.737713951,,,
1234,8.887100684,,,
1235,9.816225336,,,
1236,9.243621309,,,
1237,9.751900467,,,
1238,9.383714502,,,
1239,9.252500966,,,
1240,10.00321642,,,
1241,9.33275844,,,
1242,9.114569644,,,
1243,11.64476881,,,
1244,11.01251829,,,
1245,11.98425304,,,
1246,7.200007549,,,
1247,11.66471068,,,
1248,10.59940965,,,
1249,7.339111987,,,
1250,5.696479516,,,
1251,9.856919435,,,
1252,10.0820881,,,
1253,7.691480178,,,
1254,5.964534815,,,
1255,4.196400729,,,
1256,9.9880075,,,
1257,9.77560507,,,
1258,8.452492585,,,
1259,8.044987096,,,
1260,13.09533303,,,
1261,12.65176478,,,
1262,11.04490702,,,
1263,13.49145937,,,
1264,14.14203743,,,
1265,9.443098263,,,
1266,11.06884118,,,
1267,9.227378283,,,
1268,9.086926421,,,
1269,9.54014486,,,
1270,8.383371789,,,
1271,11.84384654,,,
1272,8.641038531,,,
1273,11.12588371,,,
1274,9.040304087,,,
1275,11.45229505,,,
1276,8.603165678,,,
1277,10.97160225,,,
1278,13.08068355,,,
1279,10.42590771,,,
1280,11.87717472,,,
1281,8.499477332,,,
1282,7.397429774,,,
1283,10.56626122,,,
1284,10.52402663,,,
1285,7.927107615,,,
1286,5.844730503,,,
1287,9.882743283,,,
1288,7.848032037,,,
1289,9.619579456,,,
1290,8.281082872,,,
1291,11.29418867,,,
1292,12.81313317,,,
1293,11.25067567,,,
1294,8.837895646,,,
1295,9.107735834,,,
1296,10.11800829,,,
1297,8.944772798,,,
1298,8.623678717,,,
1299,8.851485453,,,
1300,11.66063135,,,
1301,6.582517406,,,
1302,13.90141306,,,
1303,11.61344487,,,
1304,7.959430226,,,
1305,10.7961503,,,
1306,10.80401395,,,
1307,9.766216085,,,
1308,7.812400483,,,
1309,9.166345435,,,
1310,6.330476462,,,
1311,8.671052981,,,
1312,7.026647652,,,
1313,8.98614528,,,
1314,9.970109967,,,
1315,8.356560981,,,
1316,8.220873407,,,
1317,8.077195114,,,
1318,7.258334411,,,
1319,7.276134559,,,
1320,9.049189242,,,
1321,8.779879425,,,
1322,7.56229715,,,
1323,5.990114731,,,
1324,6.788852372,,,
1325,8.92960896,,,
1326,8.489612392,,,
1327,7.835432846,,,
1328,7.288347735,,,
1329,9.604812526,,,
1330,8.966177077,,,
1331,7.020515246,,,
1332,10.2017615,,,
1333,12.38088442,,,
1334,9.616169917,,,
1335,10.6483039,,,
1336,12.68432343,,,
1337,11.80019808,,,
1338,10.18667747,,,
1339,8.184354888,,,
1340,8.28111537,,,
1341,11.12700342,,,
1342,12.43578651,,,
1343,10.71019101,,,
1344,7.984840074,,,
1345,7.373596449,,,
1346,6.966926603,,,
1347,12.29652489,,,
1348,9.589898864,,,
1349,8.714489842,,,
1350,9.175806511,,,
1351,8.743245565,,,
1352,10.21250322,,,
1353,13.00123894,,,
1354,9.892548743,,,
1355,9.086742528,,,
1356,7.444002717,,,
1357,9.94626042,,,
1358,10.12719714,,,
1359,10.19654294,,,
1360,8.924506351,,,
1361,8.306769052,,,
1362,11.87320892,,,
1363,6.832893662,,,
1364,8.945712988,,,
1365,6.164060002,,,
1366,7.172948908,,,
1367,8.48066311,,,
1368,11.33899737,,,
1369,10.41523631,,,
1370,8.766377439,,,
1371,7.061407165,,,
1372,8.379029093,,,
1373,9.798765545,,,
1374,6.049323614,,,
1375,6.827806724,,,
1376,8.483786196,,,
1377,7.12329829,,,
1378,14.08535709,,,
1379,8.857806627,,,
1380,12.2116652,,,
1381,10.2570908,,,
1382,7.35735448,,,
1383,5.849988385,,,
1384,8.930183578,,,
1385,8.672451536,,,
1386,8.29738942,,,
1387,11.04481512,,,
1388,8.325808718,,,
1389,11.44668033,,,
1390,7.619030447,,,
1391,8.316974619,,,
1392,8.444669956,,,
1393,8.939196379,,,
1394,4.90645569,,,
1395,8.235661208,,,
1396,12.41852003,,,
1397,6.914943776,,,
1398,10.15646168,,,
1399,12.03156233,,,
1400,11.19693629,,,
1401,11.60812478,,,
1402,10.22832068,,,
1403,10.57721661,,,
1404,9.814030856,,,
1405,11.95548121,,,
1406,8.048676435,,,
1407,7.490763561,,,
1408,7.377017874,,,
1409,9.219460951,,,
1410,10.90655808,,,
1411,6.816611999,,,
1412,7.895248871,,,
1413,11.36403462,,,
1414,9.304167647,,,
1415,10.40313716,,,
1416,10.43135295,,,
1417,6.915926615,,,
1418,11.76500605,,,
1419,9.179312891,,,
1420,11.10186316,,,
1421,10.57510905,,,
1422,11.09437162,,,
1423,9.545878139,,,
1424,5.913006371,,,
1425,9.263251747,,,
1426,9.755619127,,,
1427,9.23545937,,,
1428,14.40045172,,,
1429,13.50588288,,,
1430,11.16337268,,,
1431,7.555617636,,,
1432,7.611742332,,,
1433,10.20539804,,,
1434,9.653867503,,,
1435,5.54393899,,,
1436,8.318080911,,,
1437,9.098063696,,,
1438,11.70316092,,,
1439,9.475407047,,,
1440,11.493381,,,
1441,9.34796491,,,
1442,14.14235786,,,
1443,10.40596394,,,
1444,11.58455673,,,
1445,9.064220958,,,
1446,11.28189328,,,
1447,8.434821733,,,
1448,7.6930501,,,
1449,10.62453309,,,
1450,7.479185175,,,
1451,7.150072008,,,
1452,11.08491648,,,
1453,11.54427269,,,
1454,7.719718723,,,
1455,9.359187679,,,
1456,8.351479304,,,
1457,5.510619139,,,
1458,8.419932811,,,
1459,7.504264802,,,
1460,9.692424579,,,
1461,4.062371776,,,
1462,10.00670694,,,
1463,10.02420488,,,
1464,9.025465858,,,
1465,10.47071633,,,
1466,10.04741246,,,
1467,11.17831239,,,
1468,8.823822712,,,
1469,9.882341712,,,
1470,11.58410756,,,
1471,9.375818849,,,
1472,9.194233584,,,
1473,7.323583098,,,
1474,9.221583773,,,
1475,14.21025999,,,
1476,11.31349756,,,
1477,11.59982248,,,
1478,8.79978099,,,
1479,12.17528778,,,
1480,9.443761917,,,
1481,9.550490363,,,
1482,7.15485491,,,
1483,9.209577613,,,
1484,8.914114447,,,
1485,5.738691338,,,
1486,11.17033197,,,
1487,9.343601246,,,
1488,13.01104738,,,
1489,9.766512987,,,
1490,7.750407858,,,
1491,8.695035386,,,
1492,10.14409539,,,
1493,7.435814058,,,
1494,9.791728575,,,
1495,9.423188778,,,
1496,10.82392234,,,
1497,9.513517716,,,
1498,8.473967713,,,
1499,10.6497994,,,
1500,10.04102845,,,
1501,9.452062707,,,
1502,7.630763906,,,
1503,6.852278562,,,
1504,9.380617185,,,
1505,10.40755607,,,
1506,8.642432464,,,
1507,10.87498426,,,
1508,5.782946675,,,
1509,8.633015529,,,
1510,5.243590421,,,
1511,10.54975317,,,
1512,7.926367496,,,
1513,7.033117775,,,
1514,9.922267576,,,
1515,11.82717737,,,
1516,12.227146,,,
1517,10.17597937,,,
1518,13.51871817,,,
1519,10.79600524,,,
1520,9.493846869,,,
1521,7.428495421,,,
1522,7.386439048,,,
1523,7.301654281,,,
1524,9.139308923,,,
1525,13.3309843,,,
1526,10.43865459,,,
1527,13.94912437,,,
1528,12.91475274,,,
1529,11.27564859,,,
1530,8.981170977,,,
1531,7.077526002,,,
1532,9.54241213,,,
1533,10.92734704,,,
1534,6.379436932,,,
1535,8.884135669,,,
1536,8.961840709,,,
1537,11.46833276,,,
1538,9.212512142,,,
1539,10.93852357,,,
1540,7.760057557,,,
1541,8.704552396,,,
1542,10.2119471,,,
1543,10.96638062,,,
1544,8.022552887,,,
1545,11.47620172,,,
1546,6.074411362,,,
1547,9.617406401,,,
1548,8.871691585,,,
1549,12.76958555,,,
1550,8.719248668,,,
1551,8.19192922,,,
1552,10.30647701,,,
1553,9.682983392,,,
1554,11.99171872,,,
1555,11.03621397,,,
1556,4.661242819,,,
1557,9.550059739,,,
1558,10.26318886,,,
1559,4.552776266,,,
1560,13.59914497,,,
1561,9.543476742,,,
1562,11.44878388,,,
1563,6.993527236,,,
1564,7.946027885,,,
1565,6.663129871,,,
1566,10.21153679,,,
1567,7.376479148,,,
1568,9.062763379,,,
1569,9.373968538,,,
1570,9.742540399,,,
1571,11.43897775,,,
1572,11.51708167,,,
1573,7.693110864,,,
1574,10.26924628,,,
1575,6.471700211,,,
1576,10.17648067,,,
1577,12.13127569,,,
1578,8.852403648,,,
1579,8.193175025,,,
1580,6.360751197,,,
1581,7.205765488,,,
1582,9.381459316,,,
1583,8.850262209,,,
1584,13.64865515,,,
1585,9.347813306,,,
1586,10.95222897,,,
1587,10.39268872,,,
1588,11.32577517,,,
1589,13.07597131,,,
1590,8.908794078,,,
1591,6.383965235,,,
1592,11.04248409,,,
1593,12.55339881,,,
1594,7.73770759,,,
1595,6.292585175,,,
1596,9.530509059,,,
1597,10.65573258,,,
1598,9.788632417,,,
1599,8.897727824,,,
1600,9.680185815,,,
1601,12.20456689,,,
1602,15.42179566,,,
1603,10.73591934,,,
1604,8.520514931,,,
1605,9.815552807,,,
1606,6.658937509,,,
1607,10.65612803,,,
1608,9.184043068,,,
1609,9.318566402,,,
1610,9.654098141,,,
1611,9.97502178,,,
1612,8.433618087,,,
1613,10.63529095,,,
1614,7.514579929,,,
1615,10.9700615,,,
1616,9.443942591,,,
1617,8.092528363,,,
1618,11.63948816,,,
1619,11.34121282,,,
1620,7.181280156,,,
1621,10.80927535,,,
1622,11.06830826,,,
1623,7.581669586,,,
1624,8.927959358,,,
1625,9.211970695,,,
1626,9.156016063,,,
1627,11.4707293,,,
1628,7.925327401,,,
1629,9.253371034,,,
1630,11.25862236,,,
1631,6.257908258,,,
1632,9.146174199,,,
1633,9.571423873,,,
1634,8.342231388,,,
1635,14.71388325,,,
1636,14.17913187,,,
1637,8.361211765,,,
1638,8.472252935,,,
1639,11.52134312,,,
1640,10.46196842,,,
1641,13.68169862,,,
1642,7.346498625,,,
1643,9.97744668,,,
1644,8.06363106,,,
1645,12.66425804,,,
1646,7.955429224,,,
1647,8.738751477,,,
1648,11.27901222,,,
1649,6.190989775,,,
1650,6.469542559,,,
1651,12.66043583,,,
1652,9.334675915,,,
1653,11.54775091,,,
1654,12.41320107,,,
1655,9.942324836,,,
1656,12.22827388,,,
1657,8.616347296,,,
1658,10.5259804,,,
1659,6.218517289,,,
1660,9.788926693,,,
1661,12.07039706,,,
1662,12.830756,,,
1663,9.575043013,,,
1664,9.951991876,,,
1665,10.46131345,,,
1666,8.42938998,,,
1667,10.84403052,,,
1668,5.805715175,,,
1669,5.062737963,,,
1670,6.96726988,,,
1671,11.76036419,,,
1672,5.937419078,,,
1673,8.603465257,,,
1674,10.9431851,,,
1675,13.09335453,,,
1676,9.651375723,,,
1677,10.45349638,,,
1678,10.25879138,,,
1679,9.902554264,,,
1680,12.92330182,,,
1681,10.18680664,,,
1682,9.852662214,,,
1683,8.05795638,,,
1684,12.67048931,,,
1685,9.734430963,,,
1686,10.28857883,,,
1687,8.74486447,,,
1688,5.132352969,,,
1689,11.06808728,,,
1690,10.25006788,,,
1691,9.1172226,,,
1692,10.314186,,,
1693,9.698904667,,,
1694,11.68989935,,,
1695,11.86528679,,,
1696,9.501487161,,,
1697,8.530671923,,,
1698,8.081634455,,,
1699,8.779473922,,,
1700,9.445858238,,,
1701,11.67356704,,,
1702,10.40689019,,,
1703,10.99984834,,,
1704,10.99523385,,,
1705,10.66326913,,,
1706,7.784320761,,,
1707,10.17586007,,,
1708,9.986225449,,,
1709,7.117377651,,,
1710,10.70413201,,,
1711,9.720924506,,,
1712,7.588497275,,,
1713,7.771457318,,,
1714,10.13387798,,,
1715,12.09837014,,,
1716,8.969334575,,,
1717,7.628357385,,,
1718,12.31061969,,,
1719,11.26551348,,,
1720,8.078880207,,,
1721,7.630574191,,,
1722,11.44895719,,,
1723,4.84514386,,,
1724,6.237396113,,,
1725,10.88070802,,,
1726,14.01674534,,,
1727,12.94279182,,,
1728,13.51921069,,,
1729,7.855249526,,,
1730,8.969977637,,,
1731,8.224221102,,,
1732,7.528711522,,,
1733,8.034570239,,,
1734,8.239826917,,,
1735,10.05758486,,,
1736,11.87953182,,,
1737,7.73804864,,,
1738,8.123162191,,,
1739,9.840727608,,,
1740,8.27270557,,,
1741,12.76639595,,,
1742,5.449504428,,,
1743,9.873468406,,,
1744,9.545296861,,,
1745,11.92413317,,,
1746,6.023927169,,,
1747,9.270771368,,,
1748,10.87083871,,,
1749,8.203442271,,,
1750,8.598813109,,,
1751,8.962472923,,,
1752,8.983137275,,,
1753,10.06738492,,,
1754,10.29689056,,,
1755,9.949376535,,,
1756,13.15487604,,,
1757,9.789099086,,,
1758,9.938178354,,,
1759,9.275000706,,,
1760,11.49306106,,,
1761,11.28820788,,,
1762,5.634055538,,,
1763,8.923760671,,,
1764,11.21588023,,,
1765,11.74487753,,,
1766,9.752797086,,,
1767,10.07078938,,,
1768,11.40877561,,,
1769,7.343309807,,,
1770,8.993829862,,,
1771,9.596178856,,,
1772,10.27632354,,,
1773,8.359571425,,,
1774,10.69625757,,,
1775,9.793847008,,,
1776,9.984569218,,,
1777,6.063347758,,,
1778,5.542655313,,,
1779,9.545169464,,,
1780,11.10575369,,,
1781,8.479445135,,,
1782,9.945470122,,,
1783,8.616694477,,,
1784,11.25881086,,,
1785,8.034834028,,,
1786,11.7325651,,,
1787,9.553740387,,,
1788,8.674551965,,,
1789,8.388249693,,,
1790,11.52733665,,,
1791,6.122933689,,,
1792,8.564544256,,,
1793,7.899081952,,,
1794,8.836929079,,,
1795,14.14015528,,,
1796,10.1737104,,,
1797,9.828521321,,,
1798,9.032156016,,,
1799,8.972642355,,,
1800,7.942551896,,,
1801,7.713539731,,,
1802,6.434871559,,,
1803,10.74998612,,,
1804,10.65159806,,,
1805,11.88731715,,,
1806,8.419612131,,,
1807,9.079378754,,,
1808,13.64510142,,,
1809,11.87696189,,,
1810,8.471540257,,,
1811,8.406631557,,,
1812,6.82708329,,,
1813,9.754244332,,,
1814,8.599761585,,,
1815,11.32036406,,,
1816,10.98791031,,,
1817,10.42892408,,,
1818,10.76981519,,,
1819,6.229264413,,,
1820,6.341150206,,,
1821,7.915650611,,,
1822,7.662075266,,,
1823,9.219425218,,,
1824,8.544290153,,,
1825,13.05658759,,,
1826,10.87734965,,,
1827,7.519245149,,,
1828,10.8834081,,,
1829,7.033882216,,,
1830,6.439440359,,,
1831,5.780133876,,,
1832,9.282098157,,,
1833,5.609794431,,,
1834,8.182677786,,,
1835,11.583978,,,
1836,12.32764422,,,
1837,10.01907169,,,
1838,7.624375938,,,
1839,5.238835277,,,
1840,13.35074331,,,
1841,10.26201823,,,
1842,9.977921133,,,
1843,10.72509295,,,
1844,10.95642922,,,
1845,11.36220547,,,
1846,8.953063907,,,
1847,8.708875589,,,
1848,9.058634144,,,
1849,7.550096275,,,
1850,7.647738258,,,
1851,11.60567674,,,
1852,11.28928818,,,
1853,9.87699262,,,
1854,12.68197814,,,
1855,11.06213861,,,
1856,11.00975028,,,
1857,11.17573904,,,
1858,12.55008614,,,
1859,7.88521105,,,
1860,6.431493154,,,
1861,9.631029,,,
1862,10.60323546,,,
1863,6.270500906,,,
1864,11.19575629,,,
1865,9.563319211,,,
1866,9.716759548,,,
1867,10.54783162,,,
1868,9.38501808,,,
1869,12.36154728,,,
1870,9.229840833,,,
1871,9.398887245,,,
1872,10.67927058,,,
1873,9.510498273,,,
1874,12.55184729,,,
1875,8.651283563,,,
1876,11.22995359,,,
1877,10.39106688,,,
1878,9.046601858,,,
1879,12.77330036,,,
1880,7.854748577,,,
1881,10.82931594,,,
1882,9.438691787,,,
1883,10.6764105,,,
1884,9.519272135,,,
1885,9.982880528,,,
1886,9.444898009,,,
1887,9.118260829,,,
1888,7.782126695,,,
1889,12.00323497,,,
1890,11.90435002,,,
1891,11.85963068,,,
1892,14.1903682,,,
1893,8.961286388,,,
1894,9.060324279,,,
1895,11.60783283,,,
1896,10.4178963,,,
1897,8.780755693,,,
1898,8.609398187,,,
1899,5.19312363,,,
1900,9.385669553,,,
1901,8.701389993,,,
1902,12.49981895,,,
1903,10.54278304,,,
1904,10.65672027,,,
1905,11.31732276,,,
1906,9.096479743,,,
1907,8.642765419,,,
1908,7.480043498,,,
1909,8.811925346,,,
1910,8.092733602,,,
1911,9.646013691,,,
1912,8.834884738,,,
1913,2.358645112,,,
1914,4.464940787,,,
1915,9.090434971,,,
1916,9.154374947,,,
1917,11.94320896,,,
1918,6.83773761,,,
1919,11.36750913,,,
1920,9.216992483,,,
1921,11.07179131,,,
1922,9.819268464,,,
1923,8.362362804,,,
1924,8.954637056,,,
1925,7.044774869,,,
1926,9.111685489,,,
1927,9.961774835,,,
1928,6.032622024,,,
1929,11.61993661,,,
1930,8.802276886,,,
1931,10.30957113,,,
1932,9.93402484,,,
1933,5.599154374,,,
1934,8.251105738,,,
1935,9.602976675,,,
1936,10.70037215,,,
1937,13.86975997,,,
1938,8.481649573,,,
1939,10.17618759,,,
1940,10.70801809,,,
1941,12.5869135,,,
1942,8.791418374,,,
1943,12.58846413,,,
1944,7.108787141,,,
1945,9.454833051,,,
1946,10.09348272,,,
1947,7.650258843,,,
1948,7.592617012,,,
1949,10.85143618,,,
1950,9.754230777,,,
1951,13.39105526,,,
1952,7.872649265,,,
1953,9.213107318,,,
1954,9.260828574,,,
1955,6.938045093,,,
1956,8.19584878,,,
1957,7.293355575,,,
1958,13.11238156,,,
1959,8.136323089,,,
1960,9.569436596,,,
1961,8.126092449,,,
1962,12.64160617,,,
1963,9.341977374,,,
1964,10.6611314,,,
1965,13.71914874,,,
1966,10.15650902,,,
1967,8.469276855,,,
1968,8.751322224,,,
1969,6.945075534,,,
1970,12.69590818,,,
1971,10.74263597,,,
1972,10.70762989,,,
1973,10.44896911,,,
1974,11.28447806,,,
1975,10.47300991,,,
1976,8.83132446,,,
1977,10.90127049,,,
1978,12.97987553,,,
1979,8.452171115,,,
1980,9.787858369,,,
1981,11.29961153,,,
1982,12.62216051,,,
1983,8.541536904,,,
1984,8.072143882,,,
1985,8.173609003,,,
1986,7.911437705,,,
1987,10.1937763,,,
1988,12.20238389,,,
1989,9.662296517,,,
1990,6.381420156,,,
1991,9.257951888,,,
1992,7.29111706,,,
1993,12.39546892,,,
1994,8.660203538,,,
1995,10.76498218,,,
1996,7.34789595,,,
1997,8.660646345,,,
1998,9.297215598,,,
1999,8.889084171,,,
2000,11.0437725,,,
2001,10.48032302,,,
2002,9.618829124,,,
2003,8.921329523,,,
2004,7.93460396,,,
2005,9.047155119,,,
2006,11.50810979,,,
2007,7.620246835,,,
2008,8.878831143,,,
2009,12.92965749,,,
2010,13.45438143,,,
2011,11.93573168,,,
2012,6.6868179,,,
2013,7.835854384,,,
2014,8.448688626,,,
2015,7.251738476,,,
2016,11.59477692,,,
2017,8.941813018,,,
2018,5.145183588,,,
2019,6.892157716,,,
2020,8.044674766,,,
2021,11.83520573,,,
2022,6.492108533,,,
2023,8.934506917,,,
2024,9.546817771,,,
2025,9.734150592,,,
2026,8.147910384,,,
2027,8.359937953,,,
2028,9.32806458,,,
2029,10.56784295,,,
2030,7.041904581,,,
2031,9.955430036,,,
2032,6.241635272,,,
2033,8.815053121,,,
2034,8.335899847,,,
2035,10.50726076,,,
2036,9.084161492,,,
2037,9.113177814,,,
2038,10.8950417,,,
2039,10.47226987,,,
2040,9.583173113,,,
2041,8.854158533,,,
2042,17.19314736,,,
2043,5.596630629,,,
2044,9.10278006,,,
2045,10.1118053,,,
2046,8.293137108,,,
2047,7.239016741,,,
2048,6.143265276,,,
2049,7.719241201,,,
2050,9.552044958,,,
2051,13.23808356,,,
2052,9.422290936,,,
2053,9.749423019,,,
2054,6.740934973,,,
2055,11.14512243,,,
2056,5.295547059,,,
2057,11.74031675,,,
2058,11.41939891,,,
2059,6.947576701,,,
2060,10.24928631,,,
2061,12.49954695,,,
2062,8.658028786,,,
2063,10.85244918,,,
2064,10.53242238,,,
2065,7.667896943,,,
2066,6.267359125,,,
2067,7.837783265,,,
2068,12.42366536,,,
2069,11.82237358,,,
2070,10.5295571,,,
2071,9.68551645,,,
2072,9.289328939,,,
2073,8.421174679,,,
2074,10.30867256,,,
2075,7.660576966,,,
2076,8.191508414,,,
2077,10.51484913,,,
2078,8.985887902,,,
2079,6.655930469,,,
2080,10.17314323,,,
2081,6.682135991,,,
2082,7.746284066,,,
2083,10.28001139,,,
2084,9.373502031,,,
2085,9.937672393,,,
2086,10.46571134,,,
2087,7.249933754,,,
2088,8.112391449,,,
2089,10.74890333,,,
2090,11.11174017,,,
2091,10.60503598,,,
2092,11.1012467,,,
2093,10.15330263,,,
2094,4.695627477,,,
2095,6.261150876,,,
2096,10.73359172,,,
2097,11.48098652,,,
2098,12.45599868,,,
2099,10.61976794,,,
2100,10.17818476,,,
2101,5.967075805,,,
2102,8.363786504,,,
2103,9.592191381,,,
2104,9.060041509,,,
2105,7.064915435,,,
2106,11.82980191,,,
2107,10.43346738,,,
2108,9.111097326,,,
2109,5.370899678,,,
2110,13.30165452,,,
2111,10.63451173,,,
2112,10.63854249,,,
2113,9.956518969,,,
2114,13.89170092,,,
2115,9.724204718,,,
2116,12.73069874,,,
2117,8.845593003,,,
2118,8.561885257,,,
2119,11.82507814,,,
2120,9.927590232,,,
2121,7.537532953,,,
2122,7.839508795,,,
2123,11.35829848,,,
2124,9.697503884,,,
2125,8.426194237,,,
2126,13.98905756,,,
2127,10.51768621,,,
2128,10.6118678,,,
2129,7.670940546,,,
2130,10.4921527,,,
2131,10.52966517,,,
2132,6.212801795,,,
2133,11.59741074,,,
2134,5.914099469,,,
2135,8.644433733,,,
2136,11.09292424,,,
2137,7.846838469,,,
2138,6.446921986,,,
2139,13.25771261,,,
2140,10.14747334,,,
2141,7.703642604,,,
2142,7.956343328,,,
2143,8.406901351,,,
2144,8.971765701,,,
2145,6.255710578,,,
2146,10.60377968,,,
2147,12.01322844,,,
2148,9.840669661,,,
2149,12.61375666,,,
2150,11.6847263,,,
2151,8.452366602,,,
2152,7.01814949,,,
2153,11.48181593,,,
2154,11.92465875,,,
2155,6.632522418,,,
2156,11.92261186,,,
2157,11.36032217,,,
2158,9.130044306,,,
2159,8.786365841,,,
2160,13.31788874,,,
2161,10.87893128,,,
2162,7.688249642,,,
2163,10.76804819,,,
2164,11.27577004,,,
2165,9.39901916,,,
2166,10.30721548,,,
2167,15.33823583,,,
2168,6.593201665,,,
2169,8.926241312,,,
2170,6.809624091,,,
2171,11.32850974,,,
2172,7.68875436,,,
2173,7.386050348,,,
2174,12.80006665,,,
2175,6.857609717,,,
2176,7.139131487,,,
2177,8.955179162,,,
2178,7.672281257,,,
2179,5.698065617,,,
2180,7.665748392,,,
2181,7.423692844,,,
2182,11.45593657,,,
2183,6.731623236,,,
2184,7.256487886,,,
2185,9.468291249,,,
2186,11.19546749,,,
2187,7.606383288,,,
2188,7.678935413,,,
2189,9.55804659,,,
2190,8.669066831,,,
2191,7.936484261,,,
2192,7.893383327,,,
2193,12.33609963,,,
2194,10.36933372,,,
2195,9.582948858,,,
2196,6.126221115,,,
2197,10.96829384,,,
2198,9.438913128,,,
2199,8.111914086,,,
2200,8.592840672,,,
2201,10.91207852,,,
2202,9.83282188,,,
2203,11.69542962,,,
2204,9.060037507,,,
2205,11.54742293,,,
2206,7.232412912,,,
2207,12.55087427,,,
2208,5.935071203,,,
2209,11.40857464,,,
2210,6.76916255,,,
2211,12.21868692,,,
2212,8.384244137,,,
2213,8.249775411,,,
2214,6.631501557,,,
2215,10.77062308,,,
2216,9.66876924,,,
2217,8.557034628,,,
2218,10.65605285,,,
2219,9.700495681,,,
2220,9.801089984,,,
2221,11.52844866,,,
2222,9.549489704,,,
2223,10.56113552,,,
2224,9.816025348,,,
2225,9.520189787,,,
2226,9.284151251,,,
2227,13.62025759,,,
2228,9.708697822,,,
2229,12.06999242,,,
2230,9.78858934,,,
2231,9.14003498,,,
2232,10.36411607,,,
2233,8.330523846,,,
2234,9.596022631,,,
2235,12.04976582,,,
2236,7.584050641,,,
2237,11.74184044,,,
2238,9.762924829,,,
2239,9.131747988,,,
2240,10.17158128,,,
2241,10.95340122,,,
2242,9.662836631,,,
2243,7.02029889,,,
2244,6.92877812,,,
2245,8.494212941,,,
2246,10.75278089,,,
2247,10.94574274,,,
2248,9.878698661,,,
2249,12.17108872,,,
2250,9.626225541,,,
2251,7.849344664,,,
2252,9.517710384,,,
2253,7.254994666,,,
2254,9.042434846,,,
2255,12.41279042,,,
2256,9.666028612,,,
2257,7.296428876,,,
2258,12.7085668,,,
2259,9.751613861,,,
2260,7.024236826,,,
2261,10.62099275,,,
2262,8.186164656,,,
2263,9.842285734,,,
2264,11.04574608,,,
2265,8.452993795,,,
2266,12.94172045,,,
2267,11.90814579,,,
2268,12.29710791,,,
2269,9.330678494,,,
2270,7.103790868,,,
2271,8.911730228,,,
2272,12.78173388,,,
2273,10.66086722,,,
2274,10.44619261,,,
2275,9.211517373,,,
2276,10.46267369,,,
2277,12.1051799,,,
2278,10.88625104,,,
2279,14.38840516,,,
2280,8.696637666,,,
2281,10.70848756,,,
2282,10.3730865,,,
2283,5.729407929,,,
2284,7.352200303,,,
2285,8.231194787,,,
2286,11.30619201,,,
2287,14.6022453,,,
2288,8.566803567,,,
2289,10.69526614,,,
2290,10.53975625,,,
2291,9.067165522,,,
2292,7.023826633,,,
2293,13.48804318,,,
2294,11.19616958,,,
2295,10.21236616,,,
2296,9.242095278,,,
2297,7.137134665,,,
2298,13.6161588,,,
2299,12.9321579,,,
2300,10.37031962,,,
2301,10.98683585,,,
2302,8.555635159,,,
2303,7.552719876,,,
2304,8.367143563,,,
2305,8.89441868,,,
2306,8.540456447,,,
2307,12.6405777,,,
2308,9.979153465,,,
2309,5.07848589,,,
2310,4.911380016,,,
2311,5.993985423,,,
2312,8.731488265,,,
2313,7.759604612,,,
2314,8.237093752,,,
2315,6.254982311,,,
2316,9.755448261,,,
2317,11.5389003,,,
2318,7.9489382,,,
2319,9.397660583,,,
2320,12.31383918,,,
2321,5.61850589,,,
2322,10.16097469,,,
2323,12.97363426,,,
2324,10.11103511,,,
2325,10.68979401,,,
2326,9.14862898,,,
2327,9.024970635,,,
2328,9.635070194,,,
2329,8.626487942,,,
2330,11.59251725,,,
2331,10.90653324,,,
2332,9.22874977,,,
2333,7.530258616,,,
2334,13.32635443,,,
2335,11.82158807,,,
2336,9.820069418,,,
2337,10.75005815,,,
2338,10.3309904,,,
2339,9.854160412,,,
2340,9.302120259,,,
2341,9.342841054,,,
2342,9.704709104,,,
2343,11.5141284,,,
2344,10.85823501,,,
2345,9.486502552,,,
2346,7.37431366,,,
2347,4.612215539,,,
2348,10.26029772,,,
2349,11.07831759,,,
2350,9.041087175,,,
2351,12.76057811,,,
2352,10.75575154,,,
2353,10.1013166,,,
2354,10.65465701,,,
2355,9.173577078,,,
2356,10.70050667,,,
2357,7.92944165,,,
2358,11.25777208,,,
2359,6.75592214,,,
2360,11.61143546,,,
2361,6.215142492,,,
2362,11.93484393,,,
2363,11.63117768,,,
2364,10.69290233,,,
2365,8.929480158,,,
2366,5.870970696,,,
2367,12.14982594,,,
2368,9.553553378,,,
2369,10.5417356,,,
2370,7.653381045,,,
2371,9.331258436,,,
2372,10.59159894,,,
2373,4.785388912,,,
2374,7.902245138,,,
2375,7.595191736,,,
2376,8.976554933,,,
2377,10.69329012,,,
2378,14.34069071,,,
2379,7.45164062,,,
2380,11.69309082,,,
2381,5.335319222,,,
2382,2.981838103,,,
2383,8.689174552,,,
2384,9.690980903,,,
2385,9.306899158,,,
2386,9.26629025,,,
2387,11.23092438,,,
2388,9.507821031,,,
2389,10.48632314,,,
2390,8.719539227,,,
2391,6.326629317,,,
2392,8.896100152,,,
2393,7.499762317,,,
2394,12.35860359,,,
2395,11.03917492,,,
2396,9.076761484,,,
2397,10.0642729,,,
2398,12.58593815,,,
2399,9.235461279,,,
2400,11.06276006,,,
2401,10.13428328,,,
2402,10.09757818,,,
2403,12.63887646,,,
2404,8.510705993,,,
2405,7.371699907,,,
2406,8.773958467,,,
2407,9.076594011,,,
2408,7.500834976,,,
2409,9.408122395,,,
2410,9.723494541,,,
2411,8.735715182,,,
2412,9.458739623,,,
2413,11.09926172,,,
2414,9.95681484,,,
2415,12.73309463,,,
2416,6.716485859,,,
2417,9.929585954,,,
2418,10.21443385,,,
2419,12.70404436,,,
2420,10.67196305,,,
2421,6.641016918,,,
2422,9.913263558,,,
2423,7.343623832,,,
2424,9.730445178,,,
2425,7.789567439,,,
2426,6.751925846,,,
2427,9.778575852,,,
2428,12.05307994,,,
2429,8.466750192,,,
2430,6.870821584,,,
2431,8.461832522,,,
2432,8.387362234,,,
2433,10.13333116,,,
2434,4.508136695,,,
2435,9.540233075,,,
2436,11.71078272,,,
2437,11.09367624,,,
2438,10.98035872,,,
2439,5.084585813,,,
2440,11.63608482,,,
2441,10.53976,,,
2442,7.388909533,,,
2443,9.60801868,,,
2444,13.81717529,,,
2445,5.527970066,,,
2446,9.862710172,,,
2447,7.879427828,,,
2448,8.79852462,,,
2449,11.73666962,,,
2450,8.66752889,,,
2451,8.886943672,,,
2452,11.10248394,,,
2453,11.61121632,,,
2454,8.617475144,,,
2455,6.315090253,,,
2456,10.948695,,,
2457,12.48243381,,,
2458,10.88606586,,,
2459,9.735050163,,,
2460,8.550007813,,,
2461,10.61758797,,,
2462,8.463788883,,,
2463,12.1284066,,,
2464,9.675211068,,,
2465,9.734057009,,,
2466,9.33541541,,,
2467,10.30102357,,,
2468,12.18061602,,,
2469,7.571993139,,,
2470,8.340092278,,,
2471,7.318913749,,,
2472,10.33923926,,,
2473,10.09301124,,,
2474,4.650448508,,,
2475,7.04474403,,,
2476,9.738896338,,,
2477,11.91531437,,,
2478,11.06074087,,,
2479,11.49751511,,,
2480,8.550017072,,,
2481,9.948396919,,,
2482,12.1325773,,,
2483,8.256907726,,,
2484,8.320312904,,,
2485,11.12477175,,,
2486,9.018042149,,,
2487,6.784766559,,,
2488,11.62585314,,,
2489,8.433834407,,,
2490,8.470072759,,,
2491,10.15472842,,,
2492,6.737545162,,,
2493,10.51735032,,,
2494,10.21682578,,,
2495,11.12042605,,,
2496,10.1810966,,,
2497,10.35975986,,,
2498,10.63543779,,,
2499,14.68377705,,,
2500,5.035214771,,,
2501,7.744166335,,,
2502,9.595306959,,,
2503,8.675416928,,,
2504,12.46780387,,,
2505,7.00594183,,,
2506,10.52281747,,,
2507,12.64114279,,,
2508,9.062639232,,,
2509,8.598803808,,,
2510,7.160769525,,,
2511,10.85502636,,,
2512,11.15901165,,,
2513,11.17315834,,,
2514,7.143856156,,,
2515,12.13518647,,,
2516,10.35236053,,,
2517,7.308690852,,,
2518,9.386778464,,,
2519,6.594033384,,,
2520,11.21295246,,,
2521,11.744414,,,
2522,7.100111728,,,
2523,11.57928351,,,
2524,8.818885333,,,
2525,9.671330668,,,
2526,9.288167323,,,
2527,9.197177596,,,
2528,10.3900646,,,
2529,9.140778559,,,
2530,11.95175504,,,
2531,9.829544819,,,
2532,9.799179855,,,
2533,6.365383168,,,
2534,14.87068338,,,
2535,10.70513014,,,
2536,8.795322525,,,
2537,7.816286871,,,
2538,10.3953148,,,
2539,6.729711163,,,
2540,8.84927235,,,
2541,8.442813126,,,
2542,10.85339708,,,
2543,10.34040158,,,
2544,10.98198786,,,
2545,9.767023037,,,
2546,7.386861614,,,
2547,9.422596481,,,
2548,7.310734174,,,
2549,11.0621608,,,
2550,9.486986277,,,
2551,12.57250229,,,
2552,10.39202158,,,
2553,9.634294855,,,
2554,3.869015433,,,
2555,9.851439368,,,
2556,11.95536605,,,
2557,11.76318787,,,
2558,9.447885459,,,
2559,10.31851819,,,
2560,10.78829027,,,
2561,6.991372124,,,
2562,9.356470086,,,
2563,8.563855194,,,
2564,9.490715782,,,
2565,8.754649002,,,
2566,6.295405779,,,
2567,8.652001813,,,
2568,6.009341918,,,
2569,6.994684468,,,
2570,10.57750884,,,
2571,7.055273222,,,
2572,7.794876041,,,
2573,6.419886182,,,
2574,6.529356433,,,
2575,9.643792923,,,
2576,7.083960707,,,
2577,6.607090972,,,
2578,9.751768871,,,
2579,4.95274837,,,
2580,10.54559453,,,
2581,10.61461451,,,
2582,10.7621988,,,
2583,9.256035167,,,
2584,9.951834203,,,
2585,7.006851367,,,
2586,13.7461321,,,
2587,9.014664879,,,
2588,9.643981054,,,
2589,10.44132435,,,
2590,7.069783633,,,
2591,10.03632501,,,
2592,8.595228199,,,
2593,9.462510535,,,
2594,13.01956987,,,
2595,9.146138759,,,
2596,14.48389262,,,
2597,10.1626303,,,
2598,9.95308793,,,
2599,9.799161692,,,
2600,10.07526858,,,
2601,5.295547333,,,
2602,9.14590057,,,
2603,10.65993162,,,
2604,11.27972873,,,
2605,8.635693053,,,
2606,11.75939227,,,
2607,8.412939163,,,
2608,10.04686172,,,
2609,9.118474265,,,
2610,11.4530322,,,
2611,10.41482458,,,
2612,10.30497974,,,
2613,9.219598117,,,
2614,9.976634382,,,
2615,13.00880385,,,
2616,7.704962942,,,
2617,9.210727972,,,
2618,6.436268086,,,
2619,8.946763152,,,
2620,14.33551006,,,
2621,7.723250659,,,
2622,7.558404224,,,
2623,8.686452015,,,
2624,10.92409295,,,
2625,8.705419511,,,
2626,10.12685543,,,
2627,8.379836254,,,
2628,7.557182073,,,
2629,9.097260538,,,
2630,10.04200695,,,
2631,8.730890144,,,
2632,8.698426031,,,
2633,10.84710947,,,
2634,10.72708284,,,
2635,10.98829917,,,
2636,12.02683725,,,
2637,5.520031842,,,
2638,7.572601594,,,
2639,12.05391146,,,
2640,10.43285079,,,
2641,7.094064508,,,
2642,9.055593404,,,
2643,6.194603868,,,
2644,10.27201507,,,
2645,11.0753729,,,
2646,11.12664054,,,
2647,10.42702426,,,
2648,6.241631899,,,
2649,9.301601316,,,
2650,8.323189745,,,
2651,5.342076597,,,
2652,11.26426516,,,
2653,14.0883041,,,
2654,8.30973738,,,
2655,9.998702589,,,
2656,10.7472487,,,
2657,11.14803973,,,
2658,12.42692048,,,
2659,8.355054782,,,
2660,10.75157422,,,
2661,8.050531341,,,
2662,7.69952504,,,
2663,5.433956611,,,
2664,7.720957882,,,
2665,6.527626784,,,
2666,6.27295239,,,
2667,6.797768955,,,
2668,11.58711375,,,
2669,8.373021017,,,
2670,12.20686021,,,
2671,10.07147897,,,
2672,10.73123162,,,
2673,9.419321171,,,
2674,12.38925291,,,
2675,5.563262534,,,
2676,8.386919284,,,
2677,9.772943844,,,
2678,9.003533915,,,
2679,10.32825471,,,
2680,9.452422621,,,
2681,5.257127641,,,
2682,8.139053402,,,
2683,6.487236167,,,
2684,7.476444831,,,
2685,13.09217147,,,
2686,10.24642612,,,
2687,7.107084664,,,
2688,5.676697901,,,
2689,10.68981577,,,
2690,8.611701595,,,
2691,10.80586882,,,
2692,10.26426463,,,
2693,9.319632788,,,
2694,12.06404407,,,
2695,6.034774596,,,
2696,7.024084188,,,
2697,8.54627713,,,
2698,7.459714152,,,
2699,10.97653151,,,
2700,11.6292141,,,
2701,9.50542846,,,
2702,11.34397141,,,
2703,9.807825906,,,
2704,10.6139452,,,
2705,11.73973894,,,
2706,9.272523602,,,
2707,10.44245714,,,
2708,8.545040552,,,
2709,12.38609765,,,
2710,7.168784122,,,
2711,10.14180116,,,
2712,11.29762363,,,
2713,7.957846252,,,
2714,7.078795536,,,
2715,6.930047606,,,
2716,11.00793686,,,
2717,9.289983649,,,
2718,9.12725344,,,
2719,11.29366107,,,
2720,11.1595357,,,
2721,10.57472828,,,
2722,11.51528492,,,
2723,7.413742143,,,
2724,7.408523714,,,
2725,7.106863003,,,
2726,8.316780983,,,
2727,10.93681649,,,
2728,6.669473389,,,
2729,9.781031329,,,
2730,9.323067242,,,
2731,9.606947,,,
2732,15.59859429,,,
2733,9.494987339,,,
2734,7.011737926,,,
2735,11.9893793,,,
2736,10.42190117,,,
2737,6.19124767,,,
2738,9.557581674,,,
2739,10.97312805,,,
2740,8.22937148,,,
2741,7.597760124,,,
2742,11.3625837,,,
2743,10.38776797,,,
2744,11.32892881,,,
2745,9.179528676,,,
2746,7.45858328,,,
2747,9.286829076,,,
2748,9.811195622,,,
2749,7.917180238,,,
2750,9.551696265,,,
2751,9.322368288,,,
2752,9.048779515,,,
2753,9.191417863,,,
2754,8.606756806,,,
2755,11.01497224,,,
2756,8.229629353,,,
2757,9.960570105,,,
2758,10.49979228,,,
2759,12.83630256,,,
2760,10.60308269,,,
2761,11.88932495,,,
2762,12.98907884,,,
2763,8.662219624,,,
2764,7.545271607,,,
2765,9.052361156,,,
2766,9.147436686,,,
2767,9.656408784,,,
2768,10.28068618,,,
2769,10.04161216,,,
2770,11.31949786,,,
2771,10.17260679,,,
2772,5.546245994,,,
2773,10.85343404,,,
2774,7.880199756,,,
2775,12.74941807,,,
2776,10.0279898,,,
2777,12.03673286,,,
2778,9.436870509,,,
2779,11.84135597,,,
2780,9.967761524,,,
2781,8.976811448,,,
2782,8.966931288,,,
2783,6.165165158,,,
2784,7.09364657,,,
2785,8.326926362,,,
2786,8.921095514,,,
2787,10.77382035,,,
2788,11.72309944,,,
2789,7.899028108,,,
2790,10.72367805,,,
2791,10.5760071,,,
2792,9.684764886,,,
2793,7.144681829,,,
2794,5.483892942,,,
2795,12.89470914,,,
2796,8.194942997,,,
2797,7.934461706,,,
2798,9.158421706,,,
2799,6.14708861,,,
2800,7.630237651,,,
2801,9.026134931,,,
2802,12.38672557,,,
2803,10.66754956,,,
2804,6.376827867,,,
2805,8.311594696,,,
2806,8.570747454,,,
2807,11.85190412,,,
2808,8.774252153,,,
2809,9.43285712,,,
2810,9.363446456,,,
2811,13.58102029,,,
2812,9.797814973,,,
2813,8.917982063,,,
2814,10.59050477,,,
2815,10.43911185,,,
2816,13.61437699,,,
2817,7.71595083,,,
2818,10.32821396,,,
2819,9.609842449,,,
2820,8.715537858,,,
2821,10.2172932,,,
2822,8.184374142,,,
2823,8.021645496,,,
2824,7.671133184,,,
2825,10.02028794,,,
2826,10.08490845,,,
2827,5.846749264,,,
2828,7.510379805,,,
2829,8.824052929,,,
2830,14.32085781,,,
2831,9.842086542,,,
2832,11.41692799,,,
2833,11.05174139,,,
2834,10.29433137,,,
2835,10.01348199,,,
2836,8.006068345,,,
2837,10.07502494,,,
2838,7.701945165,,,
2839,9.490085088,,,
2840,9.809309049,,,
2841,13.10914325,,,
2842,8.566589853,,,
2843,12.83632807,,,
2844,10.37408666,,,
2845,9.56559019,,,
2846,9.975320626,,,
2847,8.355544436,,,
2848,8.79934633,,,
2849,7.887120306,,,
2850,11.35475125,,,
2851,10.11508021,,,
2852,9.024344613,,,
2853,9.91258724,,,
2854,11.42687326,,,
2855,8.138964796,,,
2856,7.113753498,,,
2857,11.40190696,,,
2858,8.321491758,,,
2859,7.108462526,,,
2860,10.09806406,,,
2861,10.30834145,,,
2862,9.780318376,,,
2863,5.792757695,,,
2864,10.12392363,,,
2865,9.996221924,,,
2866,6.395667,,,
2867,10.61521589,,,
2868,8.655065354,,,
2869,7.178676469,,,
2870,7.953689402,,,
2871,7.081087647,,,
2872,7.133679841,,,
2873,9.111671573,,,
2874,10.15805099,,,
2875,8.433251616,,,
2876,10.40615406,,,
2877,8.603995516,,,
2878,8.104207296,,,
2879,15.96929591,,,
2880,5.953576677,,,
2881,9.997813516,,,
2882,8.745614076,,,
2883,9.226426478,,,
2884,8.66761264,,,
2885,12.8521062,,,
2886,12.91809284,,,
2887,9.418537176,,,
2888,10.15765201,,,
2889,9.775577104,,,
2890,12.26115046,,,
2891,5.16966643,,,
2892,9.883213242,,,
2893,9.194099906,,,
2894,9.079335311,,,
2895,8.15749522,,,
2896,9.645600688,,,
2897,8.806594004,,,
2898,12.52360687,,,
2899,10.86654166,,,
2900,10.64275799,,,
2901,7.555915752,,,
2902,8.765418553,,,
2903,6.136678302,,,
2904,10.47331313,,,
2905,11.4001186,,,
2906,7.330142449,,,
2907,11.65789781,,,
2908,13.13601435,,,
2909,9.199391331,,,
2910,10.12362774,,,
2911,8.967228395,,,
2912,9.784022592,,,
2913,5.706414594,,,
2914,6.954934142,,,
2915,7.362875909,,,
2916,11.40961765,,,
2917,12.44131071,,,
2918,10.86472028,,,
2919,4.67434266,,,
2920,8.228652604,,,
2921,10.57020888,,,
2922,8.181786663,,,
2923,12.25291467,,,
2924,10.95082554,,,
2925,9.087157895,,,
2926,11.98116198,,,
2927,8.74177294,,,
2928,11.57670185,,,
2929,13.70881386,,,
2930,3.317886039,,,
2931,13.28461967,,,
2932,8.27565448,,,
2933,5.577496689,,,
2934,9.669147626,,,
2935,8.101958329,,,
2936,9.816796308,,,
2937,5.33168049,,,
2938,9.139951652,,,
2939,11.54449565,,,
2940,8.787951351,,,
2941,7.141666983,,,
2942,13.51817584,,,
2943,6.29688136,,,
2944,5.880578635,,,
2945,10.08538041,,,
2946,12.35884949,,,
2947,9.32047754,,,
2948,9.766106927,,,
2949,10.59345922,,,
2950,5.667807234,,,
2951,9.516434696,,,
2952,9.892782674,,,
2953,12.76355504,,,
2954,11.19992851,,,
2955,8.114656708,,,
2956,11.04655199,,,
2957,11.84549032,,,
2958,6.84798607,,,
2959,7.062955564,,,
2960,11.11463522,,,
2961,11.07224231,,,
2962,8.238611919,,,
2963,8.961559357,,,
2964,9.651787172,,,
2965,5.134164271,,,
2966,9.095362235,,,
2967,8.02006878,,,
2968,10.72874648,,,
2969,11.14411341,,,
2970,7.325443874,,,
2971,10.01803487,,,
2972,10.13228002,,,
2973,6.268068168,,,
2974,9.393714903,,,
2975,7.382024312,,,
2976,8.550803638,,,
2977,8.834633311,,,
2978,5.607961355,,,
2979,11.03193376,,,
2980,11.52961074,,,
2981,10.11340139,,,
2982,12.20918233,,,
2983,10.89555947,,,
2984,7.188289365,,,
2985,10.15042299,,,
2986,9.933778028,,,
2987,7.016629951,,,
2988,11.12509323,,,
2989,10.82584393,,,
2990,11.15294077,,,
2991,7.769226176,,,
2992,9.524487952,,,
2993,10.10159156,,,
2994,11.68773913,,,
2995,8.22101116,,,
2996,12.7245889,,,
2997,10.08320542,,,
2998,9.062911208,,,
2999,9.001642359,,,
3000,9.769943935,,,
3001,10.22572797,,,
3002,7.482095056,,,
3003,6.234443286,,,
3004,4.962089788,,,
3005,10.08483397,,,
3006,9.836054445,,,
3007,14.76699868,,,
3008,10.24485337,,,
3009,8.135649703,,,
3010,10.16993621,,,
3011,9.820795451,,,
3012,10.29273186,,,
3013,7.896070063,,,
3014,11.88234437,,,
3015,9.112450103,,,
3016,11.62988459,,,
3017,8.984565568,,,
3018,10.95429063,,,
3019,9.033931829,,,
3020,4.492519896,,,
3021,7.782944719,,,
3022,9.141474324,,,
3023,9.470766295,,,
3024,8.380120871,,,
3025,12.57098986,,,
3026,12.17925683,,,
3027,8.23560549,,,
3028,9.549353969,,,
3029,10.46627961,,,
3030,8.837437289,,,
3031,10.90323186,,,
3032,6.837907966,,,
3033,9.654814367,,,
3034,8.652605961,,,
3035,9.512707959,,,
3036,12.66972435,,,
3037,11.20895214,,,
3038,11.8081902,,,
3039,9.32754235,,,
3040,7.712211697,,,
3041,10.04486809,,,
3042,11.84471026,,,
3043,8.021667736,,,
3044,9.358456582,,,
3045,5.829015541,,,
3046,9.722026946,,,
3047,9.429017537,,,
3048,9.035158802,,,
3049,6.937584413,,,
3050,11.38888664,,,
3051,6.349373841,,,
3052,8.34768815,,,
3053,10.11087674,,,
3054,10.45117961,,,
3055,10.9864966,,,
3056,14.0339245,,,
3057,5.71497617,,,
3058,12.01007173,,,
3059,9.339190973,,,
3060,10.98450377,,,
3061,11.2012136,,,
3062,8.474752924,,,
3063,9.557445957,,,
3064,9.611495947,,,
3065,9.034165318,,,
3066,10.44865594,,,
3067,9.818430784,,,
3068,8.62882613,,,
3069,11.83178014,,,
3070,9.661615739,,,
3071,7.918138043,,,
3072,10.86410815,,,
3073,11.7565146,,,
3074,8.799930903,,,
3075,8.334253719,,,
3076,10.91521758,,,
3077,8.939346346,,,
3078,5.131491639,,,
3079,10.25647702,,,
3080,10.01000519,,,
3081,10.01174142,,,
3082,9.119546886,,,
3083,7.049026333,,,
3084,11.17307878,,,
3085,12.27526968,,,
3086,13.11135465,,,
3087,11.68129572,,,
3088,9.960468665,,,
3089,6.517985987,,,
3090,7.260363287,,,
3091,12.07953468,,,
3092,6.329543881,,,
3093,12.78903024,,,
3094,8.064236414,,,
3095,6.644302559,,,
3096,8.278222885,,,
3097,7.693795739,,,
3098,7.933642471,,,
3099,9.345695556,,,
3100,8.656512473,,,
3101,13.08450894,,,
3102,10.94808775,,,
3103,8.786221552,,,
3104,8.038696288,,,
3105,8.542251252,,,
3106,8.761541928,,,
3107,8.743508535,,,
3108,10.36945305,,,
3109,11.43113244,,,
3110,10.49487202,,,
3111,10.98799929,,,
3112,9.229093985,,,
3113,10.2602759,,,
3114,8.591143123,,,
3115,6.252507735,,,
3116,8.118303746,,,
3117,9.264576025,,,
3118,6.665097047,,,
3119,8.093156049,,,
3120,9.361817558,,,
3121,8.985256838,,,
3122,10.54727409,,,
3123,11.97084903,,,
3124,8.635325489,,,
3125,9.912629007,,,
3126,11.49364338,,,
3127,8.409306692,,,
3128,8.925474447,,,
3129,10.85907115,,,
3130,9.215589046,,,
3131,8.979575891,,,
3132,8.939079467,,,
3133,10.13449965,,,
3134,10.89907645,,,
3135,10.88593672,,,
3136,8.607977226,,,
3137,9.045270012,,,
3138,8.558138587,,,
3139,10.15912585,,,
3140,11.20264118,,,
3141,9.494916049,,,
3142,10.95121813,,,
3143,6.718241693,,,
3144,7.706151854,,,
3145,7.438993797,,,
3146,7.939601146,,,
3147,12.82694134,,,
3148,4.528528415,,,
3149,10.35101914,,,
3150,11.44695413,,,
3151,8.657738009,,,
3152,9.882776282,,,
3153,14.16906613,,,
3154,6.96148096,,,
3155,9.799689215,,,
3156,8.261852261,,,
3157,13.14824148,,,
3158,9.811065709,,,
3159,6.671032447,,,
3160,9.797019583,,,
3161,7.243251949,,,
3162,8.889976498,,,
3163,10.00827868,,,
3164,11.63029463,,,
3165,6.610935518,,,
3166,12.96859744,,,
3167,9.870439549,,,
3168,10.40479059,,,
3169,11.38454798,,,
3170,8.666100945,,,
3171,11.23339766,,,
3172,11.24572365,,,
3173,6.831959151,,,
3174,7.311670603,,,
3175,8.427689782,,,
3176,11.00218098,,,
3177,6.175569844,,,
3178,10.77912688,,,
3179,9.05991679,,,
3180,7.400299466,,,
3181,7.451153251,,,
3182,12.34633559,,,
3183,5.614944515,,,
3184,8.198923826,,,
3185,7.762993815,,,
3186,9.654972928,,,
3187,7.379642052,,,
3188,12.57426737,,,
3189,9.461370887,,,
3190,11.67885456,,,
3191,5.8619147,,,
3192,11.42094078,,,
3193,7.930092416,,,
3194,10.73781969,,,
3195,11.22450027,,,
3196,6.529345264,,,
3197,9.206897323,,,
3198,8.948474988,,,
3199,8.972314559,,,
3200,6.735065348,,,
3201,10.01590738,,,
3202,10.44806674,,,
3203,13.37076879,,,
3204,9.427880183,,,
3205,5.526923904,,,
3206,10.94571873,,,
3207,11.48338865,,,
3208,7.80890539,,,
3209,3.835263231,,,
3210,9.682632336,,,
3211,7.142767013,,,
3212,6.931799946,,,
3213,9.10328766,,,
3214,10.84826191,,,
3215,9.100654446,,,
3216,11.12703534,,,
3217,9.292270988,,,
3218,9.620502344,,,
3219,7.075721706,,,
3220,10.73744515,,,
3221,8.79585113,,,
3222,8.140151401,,,
3223,8.32212737,,,
3224,13.28413757,,,
3225,8.931947149,,,
3226,8.571506785,,,
3227,8.129104795,,,
3228,14.60002232,,,
3229,11.36368686,,,
3230,8.087364203,,,
3231,9.986628886,,,
3232,9.830092785,,,
3233,11.72966605,,,
3234,6.406823402,,,
3235,8.252709519,,,
3236,7.886294176,,,
3237,5.078572365,,,
3238,11.98938223,,,
3239,9.65984059,,,
3240,7.610355693,,,
3241,10.24102201,,,
3242,8.758206327,,,
3243,7.484690884,,,
3244,9.540590783,,,
3245,9.756307936,,,
3246,10.25123696,,,
3247,8.833864313,,,
3248,8.965501846,,,
3249,9.1387202,,,
3250,7.423913062,,,
3251,8.638458567,,,
3252,9.734872292,,,
3253,7.450322583,,,
3254,8.72481344,,,
3255,6.37735725,,,
3256,11.33081075,,,
3257,10.77310979,,,
3258,7.515727474,,,
3259,6.917440248,,,
3260,9.251301865,,,
3261,7.797125942,,,
3262,7.659073028,,,
3263,9.589896139,,,
3264,7.946262654,,,
3265,10.83373731,,,
3266,8.957709588,,,
3267,9.008606949,,,
3268,9.227480601,,,
3269,9.62055781,,,
3270,10.08260028,,,
3271,8.199178703,,,
3272,8.712933987,,,
3273,6.280443525,,,
3274,6.79749571,,,
3275,9.150664604,,,
3276,4.869253391,,,
3277,9.420949366,,,
3278,8.86556226,,,
3279,9.45270434,,,
3280,3.391661903,,,
3281,13.36658882,,,
3282,9.371908411,,,
3283,7.962872472,,,
3284,10.05842105,,,
3285,9.177638813,,,
3286,9.883336951,,,
3287,10.97765475,,,
3288,8.692425701,,,
3289,9.238037519,,,
3290,12.68603434,,,
3291,9.392667158,,,
3292,7.686952331,,,
3293,7.512153365,,,
3294,7.213180954,,,
3295,8.953884244,,,
3296,10.3710791,,,
3297,9.918502308,,,
3298,9.692575466,,,
3299,10.24336593,,,
3300,10.99946294,,,
3301,14.13168243,,,
3302,10.12378967,,,
3303,10.4816109,,,
3304,7.860967401,,,
3305,4.767371498,,,
3306,10.76413584,,,
3307,5.462886683,,,
3308,8.046324458,,,
3309,9.067442952,,,
3310,9.381876758,,,
3311,8.193469958,,,
3312,7.509990362,,,
3313,9.297833696,,,
3314,8.960537157,,,
3315,10.07977991,,,
3316,8.699710438,,,
3317,3.742951333,,,
3318,5.858579079,,,
3319,10.77005631,,,
3320,9.506017583,,,
3321,10.42007861,,,
3322,10.5303078,,,
3323,9.048926584,,,
3324,10.81182023,,,
3325,6.769269457,,,
3326,11.09049623,,,
3327,9.638124846,,,
3328,12.25735637,,,
3329,9.387406314,,,
3330,9.184328427,,,
3331,10.25733794,,,
3332,7.463683943,,,
3333,9.138875862,,,
3334,12.17005393,,,
3335,8.440162989,,,
3336,8.939183574,,,
3337,10.69916927,,,
3338,10.44713052,,,
3339,8.507898553,,,
3340,6.475173116,,,
3341,11.80408153,,,
3342,9.245921016,,,
3343,11.34518286,,,
3344,7.420626957,,,
3345,7.803545133,,,
3346,8.548258029,,,
3347,9.211084142,,,
3348,11.20044557,,,
3349,10.88856595,,,
3350,11.19649895,,,
3351,12.03441746,,,
3352,9.930701338,,,
3353,11.74538168,,,
3354,10.77664639,,,
3355,10.79330215,,,
3356,10.28074661,,,
3357,10.55211409,,,
3358,10.30254183,,,
3359,8.980339536,,,
3360,7.108989981,,,
3361,12.66934776,,,
3362,8.215387092,,,
3363,8.373343947,,,
3364,12.35540312,,,
3365,9.440616957,,,
3366,6.936370813,,,
3367,8.734423886,,,
3368,12.65664948,,,
3369,10.09254326,,,
3370,11.53916114,,,
3371,7.28011312,,,
3372,11.37397294,,,
3373,8.611270066,,,
3374,8.86587619,,,
3375,7.729402891,,,
3376,8.225045793,,,
3377,6.176045677,,,
3378,8.179345944,,,
3379,10.55567796,,,
3380,5.744794213,,,
3381,8.386514099,,,
3382,7.347936568,,,
3383,4.936923546,,,
3384,10.25064662,,,
3385,9.29984664,,,
3386,7.472864111,,,
3387,11.84796203,,,
3388,10.97157853,,,
3389,9.174674768,,,
3390,9.930427883,,,
3391,9.505114653,,,
3392,8.40709686,,,
3393,9.247302574,,,
3394,11.18184488,,,
3395,10.31337466,,,
3396,11.72228632,,,
3397,7.253550477,,,
3398,9.496626293,,,
3399,9.351031489,,,
3400,8.171988943,,,
3401,10.22548211,,,
3402,11.28188676,,,
3403,5.638588347,,,
3404,7.077263778,,,
3405,6.265781461,,,
3406,10.49066563,,,
3407,6.815678123,,,
3408,9.403681425,,,
3409,8.493239634,,,
3410,8.800268151,,,
3411,9.523667058,,,
3412,10.29606887,,,
3413,7.846956352,,,
3414,6.299887806,,,
3415,12.37473552,,,
3416,6.898244965,,,
3417,9.523677782,,,
3418,8.614582771,,,
3419,7.159066588,,,
3420,9.589018492,,,
3421,9.868024602,,,
3422,10.18786614,,,
3423,10.49767106,,,
3424,8.08094895,,,
3425,6.605114365,,,
3426,10.0314447,,,
3427,11.27234924,,,
3428,12.33739751,,,
3429,9.893128888,,,
3430,10.09888508,,,
3431,10.0222357,,,
3432,7.127760475,,,
3433,9.446800535,,,
3434,6.164114056,,,
3435,12.13850405,,,
3436,8.566199354,,,
3437,9.026358866,,,
3438,4.2149871,,,
3439,11.49827861,,,
3440,10.92217261,,,
3441,12.21849715,,,
3442,9.484273957,,,
3443,13.81034701,,,
3444,11.79389326,,,
3445,8.942981138,,,
3446,8.951902977,,,
3447,11.67728255,,,
3448,13.30243953,,,
3449,7.556234077,,,
3450,10.69456497,,,
3451,9.466022845,,,
3452,8.092345338,,,
3453,8.746025053,,,
3454,7.816277148,,,
3455,8.593197464,,,
3456,9.857155267,,,
3457,11.83990182,,,
3458,11.50780815,,,
3459,11.85102082,,,
3460,11.0807741,,,
3461,7.896122709,,,
3462,10.1509734,,,
3463,10.6603205,,,
3464,8.802087389,,,
3465,7.91068401,,,
3466,7.11395928,,,
3467,10.22682581,,,
3468,8.842169978,,,
3469,11.48631576,,,
3470,7.427998006,,,
3471,9.192919663,,,
3472,9.516334219,,,
3473,8.646652869,,,
3474,11.60551553,,,
3475,9.012571803,,,
3476,8.875251931,,,
3477,7.846731854,,,
3478,10.9994002,,,
3479,8.949667489,,,
3480,12.11652516,,,
3481,9.417989978,,,
3482,7.089145901,,,
3483,10.69125735,,,
3484,8.011482037,,,
3485,8.119968254,,,
3486,7.335685949,,,
3487,7.803524411,,,
3488,11.48299189,,,
3489,10.16004533,,,
3490,4.273011944,,,
3491,6.109696414,,,
3492,9.241577178,,,
3493,9.855204459,,,
3494,12.37010723,,,
3495,11.94270775,,,
3496,6.681629864,,,
3497,8.043633643,,,
3498,6.878022176,,,
3499,11.01514192,,,
3500,7.778788137,,,
3501,11.90518076,,,
3502,10.88323889,,,
3503,9.203689219,,,
3504,8.724714189,,,
3505,6.325835873,,,
3506,11.19103346,,,
3507,12.94499342,,,
3508,13.26170903,,,
3509,10.9665611,,,
3510,8.722324156,,,
3511,5.333396352,,,
3512,11.18201371,,,
3513,7.447399261,,,
3514,9.932370077,,,
3515,8.002046687,,,
3516,10.18785317,,,
3517,7.456372861,,,
3518,7.208884967,,,
3519,9.13703298,,,
3520,8.229860966,,,
3521,6.326363515,,,
3522,12.18605243,,,
3523,10.47344356,,,
3524,9.847914116,,,
3525,11.27968256,,,
3526,11.06275276,,,
3527,9.692078464,,,
3528,7.338472035,,,
3529,4.742233375,,,
3530,9.657624729,,,
3531,8.033133125,,,
3532,10.48297217,,,
3533,8.423784042,,,
3534,9.440365631,,,
3535,7.590598834,,,
3536,11.73270167,,,
3537,9.450075494,,,
3538,8.76357602,,,
3539,9.114304664,,,
3540,8.079010323,,,
3541,9.024649347,,,
3542,10.31225648,,,
3543,9.444058304,,,
3544,13.98235786,,,
3545,11.17295354,,,
3546,11.37020335,,,
3547,11.04089752,,,
3548,10.83750672,,,
3549,12.04359595,,,
3550,3.318373671,,,
3551,5.21120027,,,
3552,6.241904798,,,
3553,6.34091808,,,
3554,7.549728803,,,
3555,11.42673746,,,
3556,10.32528977,,,
3557,7.861171843,,,
3558,7.484943972,,,
3559,10.93536636,,,
3560,7.2830136,,,
3561,8.275578218,,,
3562,8.449361526,,,
3563,10.00204687,,,
3564,10.02337069,,,
3565,9.894001484,,,
3566,10.2942542,,,
3567,8.739992517,,,
3568,9.559209626,,,
3569,10.32045293,,,
3570,10.81064471,,,
3571,11.56870183,,,
3572,8.144841247,,,
3573,15.11351085,,,
3574,8.464832198,,,
3575,8.206602934,,,
3576,10.98100811,,,
3577,9.166510351,,,
3578,6.932277636,,,
3579,10.07785695,,,
3580,10.22710934,,,
3581,9.693648928,,,
3582,10.66525329,,,
3583,6.978548189,,,
3584,6.660802552,,,
3585,9.621999426,,,
3586,7.522263584,,,
3587,12.18787792,,,
3588,9.913833992,,,
3589,9.025532617,,,
3590,10.60068367,,,
3591,8.365304712,,,
3592,8.598455427,,,
3593,8.950990629,,,
3594,8.965510209,,,
3595,11.33201413,,,
3596,6.102033061,,,
3597,7.129462872,,,
3598,10.74695389,,,
3599,10.162707,,,
3600,11.82942134,,,
3601,9.09702358,,,
3602,7.644087655,,,
3603,10.96456305,,,
3604,10.97038389,,,
3605,6.645283041,,,
3606,9.9408163,,,
3607,8.347249954,,,
3608,8.10546193,,,
3609,9.029789653,,,
3610,10.13744453,,,
3611,16.15980483,,,
3612,8.612211756,,,
3613,7.198134388,,,
3614,11.30914558,,,
3615,7.226774221,,,
3616,12.44423962,,,
3617,9.983040755,,,
3618,10.47748476,,,
3619,7.713258426,,,
3620,5.749459474,,,
3621,10.29300081,,,
3622,11.57683702,,,
3623,7.963912636,,,
3624,13.28844303,,,
3625,6.803310226,,,
3626,8.701787588,,,
3627,7.652956519,,,
3628,7.105519346,,,
3629,12.89724352,,,
3630,11.58776933,,,
3631,12.1240654,,,
3632,10.28809339,,,
3633,7.819362367,,,
3634,9.021805335,,,
3635,9.993410526,,,
3636,9.319884854,,,
3637,9.621754027,,,
3638,8.983073057,,,
3639,10.23342785,,,
3640,8.957227697,,,
3641,8.926225105,,,
3642,6.409093053,,,
3643,10.42286983,,,
3644,7.82588899,,,
3645,6.501956059,,,
3646,9.426154477,,,
3647,10.15479442,,,
3648,9.569626822,,,
3649,9.364111826,,,
3650,8.899464937,,,
3651,11.58178433,,,
3652,8.507366584,,,
3653,13.84470985,,,
3654,10.92565881,,,
3655,8.970163426,,,
3656,9.135032558,,,
3657,10.98050876,,,
3658,10.85122987,,,
3659,5.990517455,,,
3660,10.98705869,,,
3661,13.49800977,,,
3662,5.975370223,,,
3663,12.77825201,,,
3664,10.32507306,,,
3665,9.901661276,,,
3666,7.714634859,,,
3667,12.80067661,,,
3668,11.34892712,,,
3669,8.646314422,,,
3670,9.178961305,,,
3671,9.753518154,,,
3672,13.65112356,,,
3673,9.08127335,,,
3674,9.509764988,,,
3675,11.06263921,,,
3676,7.656664624,,,
3677,12.88157142,,,
3678,7.83276374,,,
3679,12.6550122,,,
3680,9.992535058,,,
3681,7.603447723,,,
3682,8.311640554,,,
3683,10.44199109,,,
3684,10.09489517,,,
3685,8.46773373,,,
3686,8.902520612,,,
3687,10.83267638,,,
3688,9.742094175,,,
3689,10.19679728,,,
3690,13.04783514,,,
3691,10.64301109,,,
3692,10.24169249,,,
3693,12.23837334,,,
3694,8.232422814,,,
3695,7.366618374,,,
3696,13.24968321,,,
3697,9.119746871,,,
3698,12.14139408,,,
3699,10.62636282,,,
3700,7.496969193,,,
3701,6.494306588,,,
3702,8.430155809,,,
3703,10.90521802,,,
3704,7.270030131,,,
3705,10.485575,,,
3706,9.674826991,,,
3707,6.299873132,,,
3708,10.91296404,,,
3709,11.19316668,,,
3710,8.380773345,,,
3711,12.41126239,,,
3712,12.01273044,,,
3713,10.23466669,,,
3714,8.963473917,,,
3715,9.464038537,,,
3716,9.14653514,,,
3717,8.810794346,,,
3718,10.23329302,,,
3719,9.065800583,,,
3720,6.915049565,,,
3721,10.23076719,,,
3722,8.133115464,,,
3723,8.24290057,,,
3724,9.094171934,,,
3725,11.20685099,,,
3726,12.46596546,,,
3727,11.14160505,,,
3728,10.45006579,,,
3729,7.198092282,,,
3730,10.89341608,,,
3731,10.38510802,,,
3732,9.616720439,,,
3733,11.22711506,,,
3734,10.45471539,,,
3735,6.222495833,,,
3736,7.500364234,,,
3737,9.408802587,,,
3738,10.02383348,,,
3739,7.028183445,,,
3740,6.77915971,,,
3741,11.11169785,,,
3742,10.91710872,,,
3743,7.937217488,,,
3744,10.04068976,,,
3745,10.594812,,,
3746,8.806819446,,,
3747,9.486302035,,,
3748,11.02951112,,,
3749,10.82983882,,,
3750,11.82442373,,,
3751,8.703536635,,,
3752,14.21665499,,,
3753,10.44002595,,,
3754,8.226134071,,,
3755,10.42598744,,,
3756,10.08075278,,,
3757,8.539538549,,,
3758,10.24850949,,,
3759,10.30243083,,,
3760,9.545400814,,,
3761,13.27838852,,,
3762,9.537800717,,,
3763,7.517094024,,,
3764,9.77642931,,,
3765,10.15163674,,,
3766,12.14458321,,,
3767,10.88574006,,,
3768,8.241630135,,,
3769,9.153772656,,,
3770,10.34666611,,,
3771,9.417364411,,,
3772,6.51716557,,,
3773,10.73192052,,,
3774,7.963552368,,,
3775,6.454282059,,,
3776,8.450526053,,,
3777,10.87232679,,,
3778,9.197330775,,,
3779,10.07587938,,,
3780,11.61111291,,,
3781,8.293206256,,,
3782,11.18178325,,,
3783,12.09071407,,,
3784,12.31035334,,,
3785,8.936182061,,,
3786,10.07658787,,,
3787,10.10533945,,,
3788,12.83457117,,,
3789,4.338118434,,,
3790,8.056256564,,,
3791,10.01872271,,,
3792,10.17377329,,,
3793,7.890285275,,,
3794,7.594778797,,,
3795,8.813614598,,,
3796,4.993359216,,,
3797,6.492143578,,,
3798,10.22160752,,,
3799,9.985498629,,,
3800,7.170049241,,,
3801,12.1009624,,,
3802,11.09529285,,,
3803,8.602877545,,,
3804,6.034337248,,,
3805,12.00310466,,,
3806,7.852808622,,,
3807,12.2305333,,,
3808,7.664672402,,,
3809,9.201354731,,,
3810,10.52648526,,,
3811,10.93920367,,,
3812,6.19563421,,,
3813,6.998353061,,,
3814,4.810882413,,,
3815,6.874807003,,,
3816,7.702239928,,,
3817,6.867976285,,,
3818,9.123609776,,,
3819,9.569602221,,,
3820,7.293448209,,,
3821,9.535043378,,,
3822,8.352693903,,,
3823,9.714077038,,,
3824,10.21460395,,,
3825,11.20093752,,,
3826,8.938874788,,,
3827,13.28095496,,,
3828,7.336177529,,,
3829,13.33720379,,,
3830,11.62972847,,,
3831,11.62817434,,,
3832,9.118844206,,,
3833,11.15803457,,,
3834,8.598625222,,,
3835,8.96208842,,,
3836,9.883859847,,,
3837,8.180390741,,,
3838,9.619828206,,,
3839,7.317810057,,,
3840,12.4193689,,,
3841,11.66151934,,,
3842,9.155475365,,,
3843,10.35557081,,,
3844,7.096854843,,,
3845,11.25265217,,,
3846,11.22467321,,,
3847,8.6930119,,,
3848,12.86742686,,,
3849,10.1423447,,,
3850,10.00558728,,,
3851,4.741458595,,,
3852,6.998838976,,,
3853,10.49193155,,,
3854,11.49680172,,,
3855,9.964429447,,,
3856,11.70423904,,,
3857,9.035291429,,,
3858,10.01642538,,,
3859,8.300479116,,,
3860,7.196562913,,,
3861,7.106977059,,,
3862,7.574391188,,,
3863,11.22209758,,,
3864,8.867014992,,,
3865,10.31580665,,,
3866,9.899556276,,,
3867,11.24210956,,,
3868,3.901328331,,,
3869,11.00383149,,,
3870,11.28411589,,,
3871,10.30828476,,,
3872,8.432038242,,,
3873,15.07173933,,,
3874,9.417493017,,,
3875,8.443760081,,,
3876,11.36449942,,,
3877,10.97000368,,,
3878,9.154034662,,,
3879,12.0406027,,,
3880,10.7665872,,,
3881,10.77331437,,,
3882,13.15740896,,,
3883,11.12017484,,,
3884,9.79193233,,,
3885,9.965616928,,,
3886,8.40035271,,,
3887,7.828290012,,,
3888,8.358160077,,,
3889,9.436326543,,,
3890,7.646762648,,,
3891,9.61407613,,,
3892,8.328372423,,,
3893,11.60354053,,,
3894,4.940712431,,,
3895,7.124364689,,,
3896,11.7554511,,,
3897,11.96601749,,,
3898,8.559866642,,,
3899,9.151709032,,,
3900,9.205265999,,,
3901,8.982044763,,,
3902,7.890523068,,,
3903,8.799288129,,,
3904,9.491369448,,,
3905,8.769199636,,,
3906,9.167931614,,,
3907,7.945503404,,,
3908,10.45524872,,,
3909,7.366879164,,,
3910,8.958663529,,,
3911,6.849786318,,,
3912,8.571228675,,,
3913,9.971472715,,,
3914,9.909829351,,,
3915,10.05941526,,,
3916,7.63833241,,,
3917,9.212468114,,,
3918,6.823886886,,,
3919,10.32635404,,,
3920,11.972442,,,
3921,7.31020487,,,
3922,10.37792384,,,
3923,7.422608655,,,
3924,12.38451682,,,
3925,9.320724603,,,
3926,11.99288802,,,
3927,9.12226514,,,
3928,10.3657581,,,
3929,7.297091087,,,
3930,8.864952676,,,
3931,10.59666817,,,
3932,11.44828269,,,
3933,8.797698559,,,
3934,8.231768601,,,
3935,4.185523964,,,
3936,9.010080861,,,
3937,10.24428792,,,
3938,6.830717083,,,
3939,6.828213007,,,
3940,10.85546117,,,
3941,7.45246244,,,
3942,7.886419233,,,
3943,12.29363538,,,
3944,8.533423145,,,
3945,8.842856524,,,
3946,11.31042435,,,
3947,9.413410834,,,
3948,5.501814847,,,
3949,10.91761764,,,
3950,5.756376619,,,
3951,6.050515132,,,
3952,10.32562844,,,
3953,7.535469567,,,
3954,9.867674419,,,
3955,11.3821929,,,
3956,10.84582021,,,
3957,8.645177694,,,
3958,5.849364366,,,
3959,12.43460859,,,
3960,11.15335854,,,
3961,8.80975011,,,
3962,5.535564688,,,
3963,10.69111164,,,
3964,7.685313697,,,
3965,8.356307061,,,
3966,12.38959587,,,
3967,10.52860509,,,
3968,8.455018765,,,
3969,9.563321882,,,
3970,9.0786963,,,
3971,9.33870247,,,
3972,9.361916348,,,
3973,6.557405005,,,
3974,7.200368994,,,
3975,8.62285447,,,
3976,7.145635562,,,
3977,10.05490522,,,
3978,9.513684272,,,
3979,6.463661428,,,
3980,5.594746321,,,
3981,5.095783223,,,
3982,11.116057,,,
3983,11.3761275,,,
3984,10.08363906,,,
3985,9.461851353,,,
3986,8.078937746,,,
3987,6.078687302,,,
3988,11.62751019,,,
3989,12.12685559,,,
3990,8.59460931,,,
3991,9.194451699,,,
3992,10.39879695,,,
3993,8.948676221,,,
3994,9.985002218,,,
3995,8.808322496,,,
3996,9.122699582,,,
3997,5.566450216,,,
3998,9.365060049,,,
3999,11.98650475,,,
4000,11.12625226,,,
4001,8.701203577,,,
4002,9.039971093,,,
4003,9.465865743,,,
4004,9.962310106,,,
4005,7.889664972,,,
4006,9.466195199,,,
4007,8.471238914,,,
4008,10.1226417,,,
4009,9.060025787,,,
4010,10.07165869,,,
4011,11.23345496,,,
4012,8.124785268,,,
4013,12.90703055,,,
4014,11.03689385,,,
4015,7.808187755,,,
4016,9.08088279,,,
4017,9.156881317,,,
4018,8.698879716,,,
4019,9.899068941,,,
4020,10.01687751,,,
4021,8.222404443,,,
4022,9.27139332,,,
4023,8.927023449,,,
4024,10.63305581,,,
4025,5.681986154,,,
4026,12.27323907,,,
4027,7.87772747,,,
4028,9.563821555,,,
4029,8.906609681,,,
4030,8.882153151,,,
4031,9.656166943,,,
4032,9.645451854,,,
4033,12.98492472,,,
4034,9.598793497,,,
4035,12.15037836,,,
4036,6.171215422,,,
4037,8.481555042,,,
4038,10.09633526,,,
4039,9.248190916,,,
4040,9.418078547,,,
4041,10.00311721,,,
4042,7.404914325,,,
4043,10.44814053,,,
4044,10.72930958,,,
4045,11.01789024,,,
4046,8.584350003,,,
4047,11.15747723,,,
4048,9.948253575,,,
4049,5.4627496,,,
4050,9.837502404,,,
4051,6.469058044,,,
4052,8.76124777,,,
4053,8.803768741,,,
4054,6.997199089,,,
4055,6.517137102,,,
4056,9.121209776,,,
4057,7.351843741,,,
4058,6.795270473,,,
4059,6.029194754,,,
4060,9.495137758,,,
4061,9.623454568,,,
4062,9.753508424,,,
4063,9.072707257,,,
4064,9.303059802,,,
4065,8.486282372,,,
4066,14.20706312,,,
4067,11.00197322,,,
4068,7.270808796,,,
4069,11.85046788,,,
4070,7.214495313,,,
4071,6.741151538,,,
4072,7.769058319,,,
4073,6.057140688,,,
4074,10.50790004,,,
4075,7.724391905,,,
4076,8.347056494,,,
4077,7.247037806,,,
4078,11.268119,,,
4079,8.854963289,,,
4080,9.058007922,,,
4081,9.382106253,,,
4082,10.51568223,,,
4083,6.724823059,,,
4084,6.750508209,,,
4085,11.15258108,,,
4086,8.909018618,,,
4087,11.08411856,,,
4088,9.152638019,,,
4089,4.861581777,,,
4090,12.4882554,,,
4091,11.73736028,,,
4092,10.49611342,,,
4093,9.522626157,,,
4094,12.22000099,,,
4095,7.363933849,,,
4096,6.865764403,,,
4097,9.431474839,,,
4098,9.262281836,,,
4099,10.3044186,,,
4100,7.10830465,,,
4101,7.342471796,,,
4102,10.27741869,,,
4103,10.77235503,,,
4104,8.085197915,,,
4105,9.870931446,,,
4106,7.435508573,,,
4107,11.84623832,,,
4108,9.96516395,,,
4109,8.815047759,,,
4110,10.67904521,,,
4111,6.588726803,,,
4112,6.532451907,,,
4113,9.734595199,,,
4114,10.55057763,,,
4115,7.464159508,,,
4116,7.43674115,,,
4117,6.156433354,,,
4118,8.716355387,,,
4119,6.592315748,,,
4120,9.357309466,,,
4121,10.91960827,,,
4122,9.056600461,,,
4123,10.11962627,,,
4124,10.68032375,,,
4125,8.926738117,,,
4126,7.243211393,,,
4127,9.66448131,,,
4128,6.905264049,,,
4129,10.71599331,,,
4130,9.457108348,,,
4131,10.48681491,,,
4132,10.13703969,,,
4133,11.86554764,,,
4134,8.693975485,,,
4135,11.87057066,,,
4136,12.10573776,,,
4137,9.142017402,,,
4138,7.671074367,,,
4139,7.828072528,,,
4140,8.883443987,,,
4141,9.499350933,,,
4142,9.971564142,,,
4143,7.177960959,,,
4144,9.344082451,,,
4145,5.810815714,,,
4146,10.23934403,,,
4147,8.106668583,,,
4148,9.49094623,,,
4149,10.15034173,,,
4150,9.046098819,,,
4151,8.324558258,,,
4152,8.352590855,,,
4153,6.785083917,,,
4154,11.24028777,,,
4155,9.569939682,,,
4156,8.839596649,,,
4157,10.13795897,,,
4158,8.607903844,,,
4159,10.39974848,,,
4160,8.422667691,,,
4161,10.6886572,,,
4162,9.819484107,,,
4163,12.07379069,,,
4164,11.003215,,,
4165,9.614473665,,,
4166,9.071173159,,,
4167,9.981598485,,,
4168,8.949581142,,,
4169,9.758109041,,,
4170,9.577049815,,,
4171,11.67494751,,,
4172,10.94524232,,,
4173,8.222032648,,,
4174,12.34456611,,,
4175,10.28791205,,,
4176,6.192902462,,,
4177,8.775560393,,,
4178,6.290190599,,,
4179,10.0627432,,,
4180,5.470411677,,,
4181,9.287307254,,,
4182,9.069474088,,,
4183,13.04646598,,,
4184,8.608096644,,,
4185,7.912862283,,,
4186,9.726014939,,,
4187,8.753911636,,,
4188,12.18127502,,,
4189,10.11196488,,,
4190,9.712487597,,,
4191,10.08474656,,,
4192,10.99706142,,,
4193,10.2672829,,,
4194,8.762588162,,,
4195,7.490592379,,,
4196,8.957854575,,,
4197,8.061218042,,,
4198,9.261454124,,,
4199,9.713623049,,,
4200,7.467042223,,,
4201,10.35779366,,,
4202,8.069568414,,,
4203,6.183872153,,,
4204,5.016443917,,,
4205,10.20781517,,,
4206,9.964070461,,,
4207,8.66815443,,,
4208,10.19321219,,,
4209,11.94825316,,,
4210,12.37212723,,,
4211,10.25538872,,,
4212,11.20773651,,,
4213,6.196051562,,,
4214,10.95406575,,,
4215,8.082023162,,,
4216,13.73260363,,,
4217,8.945298938,,,
4218,9.33287728,,,
4219,9.753090113,,,
4220,9.546009058,,,
4221,10.94232131,,,
4222,7.765788908,,,
4223,8.463380447,,,
4224,10.04975035,,,
4225,5.54567228,,,
4226,11.26174088,,,
4227,9.582266674,,,
4228,13.90964522,,,
4229,6.898872809,,,
4230,8.860369374,,,
4231,7.909917067,,,
4232,13.42841556,,,
4233,12.35559778,,,
4234,12.76363866,,,
4235,13.31404685,,,
4236,8.337466744,,,
4237,11.02412408,,,
4238,7.399485262,,,
4239,7.885449163,,,
4240,11.17067689,,,
4241,8.984904438,,,
4242,8.992158929,,,
4243,7.104387026,,,
4244,8.169687251,,,
4245,8.888011801,,,
4246,12.08898734,,,
4247,8.433200579,,,
4248,6.127662155,,,
4249,9.617852921,,,
4250,4.108976629,,,
4251,7.621441342,,,
4252,10.04436461,,,
4253,9.499281635,,,
4254,8.667089187,,,
4255,7.402954331,,,
4256,9.337051841,,,
4257,11.62559721,,,
4258,8.627863072,,,
4259,8.651400718,,,
4260,12.31223917,,,
4261,8.130351852,,,
4262,11.79040858,,,
4263,6.506350899,,,
4264,13.77242927,,,
4265,6.76901669,,,
4266,5.334465453,,,
4267,8.348588365,,,
4268,9.759337002,,,
4269,9.857775168,,,
4270,12.69851722,,,
4271,9.079479848,,,
4272,9.238733663,,,
4273,9.468558638,,,
4274,2.986039599,,,
4275,9.735525748,,,
4276,5.426454172,,,
4277,11.79840953,,,
4278,6.994803998,,,
4279,12.98636732,,,
4280,8.543703195,,,
4281,10.74182765,,,
4282,10.88061519,,,
4283,7.055410423,,,
4284,11.26768254,,,
4285,11.51155989,,,
4286,8.376176677,,,
4287,8.419585281,,,
4288,11.16865604,,,
4289,10.46944441,,,
4290,8.654237771,,,
4291,13.13829398,,,
4292,9.790358173,,,
4293,6.325777228,,,
4294,8.609600862,,,
4295,8.192123481,,,
4296,15.21195214,,,
4297,9.646208068,,,
4298,9.262527401,,,
4299,9.40374281,,,
4300,11.25035285,,,
4301,7.379443457,,,
4302,11.60360384,,,
4303,9.004561034,,,
4304,11.05120458,,,
4305,8.079918206,,,
4306,13.43165099,,,
4307,7.079434659,,,
4308,6.97121754,,,
4309,11.55385377,,,
4310,5.759061993,,,
4311,11.8501689,,,
4312,10.5638531,,,
4313,8.9007995,,,
4314,7.774181299,,,
4315,7.628933221,,,
4316,9.069869807,,,
4317,8.540881452,,,
4318,9.238921207,,,
4319,11.55816946,,,
4320,7.115444611,,,
4321,9.43209211,,,
4322,9.492072084,,,
4323,7.568397804,,,
4324,9.627710218,,,
4325,8.350613743,,,
4326,9.957653865,,,
4327,11.38227988,,,
4328,9.76222942,,,
4329,5.799108036,,,
4330,7.466683491,,,
4331,10.39559718,,,
4332,11.45035885,,,
4333,13.32316287,,,
4334,8.610171836,,,
4335,7.414736801,,,
4336,6.846573448,,,
4337,7.885807975,,,
4338,13.3379605,,,
4339,6.730466028,,,
4340,11.14841178,,,
4341,9.039144505,,,
4342,9.608912949,,,
4343,10.05477159,,,
4344,8.510306613,,,
4345,8.508640916,,,
4346,10.61790249,,,
4347,5.849746147,,,
4348,9.333776779,,,
4349,10.52992123,,,
4350,8.064339239,,,
4351,9.734367796,,,
4352,10.10290411,,,
4353,10.41547972,,,
4354,10.32250604,,,
4355,7.318941933,,,
4356,9.570277878,,,
4357,8.332187925,,,
4358,6.117156952,,,
4359,11.76259179,,,
4360,8.39744004,,,
4361,11.64730012,,,
4362,8.837470995,,,
4363,9.867511992,,,
4364,5.595393336,,,
4365,8.98091789,,,
4366,9.662163907,,,
4367,9.061239257,,,
4368,10.15044618,,,
4369,9.313175583,,,
4370,6.479247677,,,
4371,9.290046821,,,
4372,8.064252443,,,
4373,6.94247496,,,
4374,13.04055995,,,
4375,8.196975549,,,
4376,8.361167737,,,
4377,9.919523005,,,
4378,6.738793277,,,
4379,9.01572387,,,
4380,10.4676766,,,
4381,9.315336425,,,
4382,9.310466115,,,
4383,8.520405823,,,
4384,11.45207036,,,
4385,11.60396038,,,
4386,14.55932942,,,
4387,11.03441868,,,
4388,10.3209474,,,
4389,10.29489854,,,
4390,8.922447303,,,
4391,9.586754707,,,
4392,8.380774671,,,
4393,9.852040215,,,
4394,7.782838997,,,
4395,8.762666145,,,
4396,8.589295259,,,
4397,12.79101878,,,
4398,8.477293695,,,
4399,10.64778043,,,
4400,8.638450259,,,
4401,12.75206197,,,
4402,9.286241923,,,
4403,11.00868751,,,
4404,10.0235727,,,
4405,8.533331544,,,
4406,9.367838178,,,
4407,9.87731896,,,
4408,10.27734474,,,
4409,9.831394593,,,
4410,9.073689194,,,
4411,8.164642981,,,
4412,9.322882133,,,
4413,9.971469612,,,
4414,14.38762479,,,
4415,11.98379702,,,
4416,9.570655269,,,
4417,4.744835796,,,
4418,4.503580966,,,
4419,9.89468389,,,
4420,9.604437071,,,
4421,7.28803491,,,
4422,11.50180199,,,
4423,9.055527003,,,
4424,5.160204093,,,
4425,7.885064753,,,
4426,6.38523445,,,
4427,10.33248903,,,
4428,8.95055969,,,
4429,10.33332054,,,
4430,9.816971127,,,
4431,7.016593557,,,
4432,9.205500397,,,
4433,12.01633838,,,
4434,8.8950124,,,
4435,8.748591758,,,
4436,5.995336211,,,
4437,9.415233368,,,
4438,6.998885423,,,
4439,7.811562509,,,
4440,9.460906629,,,
4441,8.115552407,,,
4442,14.06462123,,,
4443,8.836996651,,,
4444,11.82063587,,,
4445,7.266546945,,,
4446,9.517804109,,,
4447,12.66469402,,,
4448,12.29442277,,,
4449,9.60913617,,,
4450,8.89777265,,,
4451,11.85566184,,,
4452,6.677716326,,,
4453,7.279821981,,,
4454,9.676399327,,,
4455,8.323014582,,,
4456,6.867443868,,,
4457,8.435062467,,,
4458,9.25308582,,,
4459,6.758207807,,,
4460,8.249690826,,,
4461,11.35250805,,,
4462,8.629086235,,,
4463,9.833701423,,,
4464,9.52431078,,,
4465,8.938901399,,,
4466,8.057606361,,,
4467,9.719640393,,,
4468,9.335802956,,,
4469,8.022083572,,,
4470,10.77516221,,,
4471,8.630278467,,,
4472,11.0493102,,,
4473,9.592347047,,,
4474,14.11737014,,,
4475,9.3980062,,,
4476,7.191893463,,,
4477,10.55009267,,,
4478,7.417738792,,,
4479,11.48776532,,,
4480,8.610025931,,,
4481,11.60325949,,,
4482,12.12570291,,,
4483,7.853892212,,,
4484,12.76825821,,,
4485,11.06811861,,,
4486,11.23858614,,,
4487,9.759596164,,,
4488,5.122949407,,,
4489,10.71859809,,,
4490,9.788483478,,,
4491,7.132289171,,,
4492,10.26263287,,,
4493,9.681843293,,,
4494,7.999058532,,,
4495,5.330421241,,,
4496,9.525597134,,,
4497,10.89003857,,,
4498,6.942388184,,,
4499,9.060927072,,,
4500,5.828408762,,,
4501,8.81688855,,,
4502,15.58345475,,,
4503,11.74367294,,,
4504,10.43956696,,,
4505,8.349641252,,,
4506,7.299709158,,,
4507,9.024115844,,,
4508,10.07241078,,,
4509,11.31897325,,,
4510,11.32292743,,,
4511,12.39797239,,,
4512,7.512174838,,,
4513,11.46264857,,,
4514,12.87827066,,,
4515,11.64615447,,,
4516,10.57220702,,,
4517,6.832445232,,,
4518,11.12917537,,,
4519,10.22849611,,,
4520,8.409547634,,,
4521,9.88362137,,,
4522,5.670182163,,,
4523,12.59195384,,,
4524,10.7682971,,,
4525,6.819087758,,,
4526,9.307578946,,,
4527,11.91081403,,,
4528,9.88359913,,,
4529,10.38512908,,,
4530,11.3797764,,,
4531,11.1877847,,,
4532,8.667875012,,,
4533,5.763897162,,,
4534,10.22586542,,,
4535,8.405658097,,,
4536,5.909350966,,,
4537,11.02024629,,,
4538,11.28519164,,,
4539,12.44724396,,,
4540,11.55629828,,,
4541,10.08134564,,,
4542,9.185270608,,,
4543,9.788608371,,,
4544,8.906824116,,,
4545,10.82973633,,,
4546,7.96693722,,,
4547,11.29104808,,,
4548,7.369363792,,,
4549,14.28078437,,,
4550,9.465345702,,,
4551,8.801903016,,,
4552,6.232366698,,,
4553,5.981059294,,,
4554,10.1915655,,,
4555,7.992465838,,,
4556,14.9105008,,,
4557,11.37952207,,,
4558,8.758652299,,,
4559,9.115431343,,,
4560,9.708946067,,,
4561,12.68787071,,,
4562,9.606272172,,,
4563,10.26806541,,,
4564,8.447069128,,,
4565,9.240375267,,,
4566,6.752218287,,,
4567,7.718511399,,,
4568,7.579501896,,,
4569,8.968133531,,,
4570,10.30690062,,,
4571,11.45116974,,,
4572,13.06931648,,,
4573,11.94233982,,,
4574,7.332880347,,,
4575,10.81060483,,,
4576,7.848442004,,,
4577,10.30222151,,,
4578,7.94513781,,,
4579,9.980385391,,,
4580,6.208524431,,,
4581,9.789648578,,,
4582,8.152171784,,,
4583,9.346624612,,,
4584,10.96763812,,,
4585,8.532079083,,,
4586,12.09271989,,,
4587,7.911867368,,,
4588,11.05417173,,,
4589,10.75494014,,,
4590,6.345082454,,,
4591,7.211142051,,,
4592,10.71855926,,,
4593,8.919438032,,,
4594,11.74809561,,,
4595,10.88081968,,,
4596,8.394697594,,,
4597,7.520809286,,,
4598,11.05293807,,,
4599,11.04768925,,,
4600,11.84745721,,,
4601,12.13371677,,,
4602,7.044640504,,,
4603,13.49664504,,,
4604,8.956769434,,,
4605,9.399414301,,,
4606,6.382637268,,,
4607,8.72479071,,,
4608,11.42283556,,,
4609,7.119580414,,,
4610,8.769999626,,,
4611,10.82086385,,,
4612,7.814993529,,,
4613,7.97873034,,,
4614,12.58324677,,,
4615,11.38462815,,,
4616,8.60668685,,,
4617,11.3804217,,,
4618,9.063873538,,,
4619,9.042163169,,,
4620,10.1252058,,,
4621,9.890679687,,,
4622,7.526854739,,,
4623,9.149073614,,,
4624,9.664075725,,,
4625,10.28965081,,,
4626,9.949911403,,,
4627,9.254817499,,,
4628,9.469628934,,,
4629,6.870170341,,,
4630,8.646536126,,,
4631,4.482100994,,,
4632,5.873304278,,,
4633,9.440933454,,,
4634,6.309123947,,,
4635,8.440193731,,,
4636,11.27487357,,,
4637,6.845405313,,,
4638,15.40567479,,,
4639,9.424482539,,,
4640,9.975975693,,,
4641,9.961092039,,,
4642,11.15049897,,,
4643,11.17110709,,,
4644,8.327836936,,,
4645,7.439335721,,,
4646,10.06343769,,,
4647,9.387725416,,,
4648,12.53351511,,,
4649,7.829313285,,,
4650,10.49815378,,,
4651,10.10293223,,,
4652,10.64863207,,,
4653,8.402683625,,,
4654,9.982123643,,,
4655,10.97582663,,,
4656,8.257674318,,,
4657,7.520717678,,,
4658,7.575089193,,,
4659,7.472135421,,,
4660,7.882849618,,,
4661,6.787472235,,,
4662,10.72169446,,,
4663,12.57343336,,,
4664,9.020606611,,,
4665,10.09795253,,,
4666,9.525584441,,,
4667,9.470811727,,,
4668,11.99949018,,,
4669,7.882748243,,,
4670,11.56872877,,,
4671,8.930736041,,,
4672,5.899538012,,,
4673,9.682583275,,,
4674,10.32609895,,,
4675,11.1830777,,,
4676,9.173675843,,,
4677,10.99908899,,,
4678,6.047475211,,,
4679,9.537849844,,,
4680,8.888092511,,,
4681,9.143501198,,,
4682,8.662705459,,,
4683,12.13009001,,,
4684,5.902001811,,,
4685,11.09652354,,,
4686,10.63030874,,,
4687,11.10408395,,,
4688,10.1332835,,,
4689,7.711776598,,,
4690,10.78101379,,,
4691,8.865122874,,,
4692,8.992452284,,,
4693,10.62925862,,,
4694,12.37009855,,,
4695,6.108953792,,,
4696,10.23569591,,,
4697,6.881804015,,,
4698,11.50145711,,,
4699,12.03728961,,,
4700,9.696085892,,,
4701,9.21245289,,,
4702,10.21163277,,,
4703,8.1165337,,,
4704,7.265063954,,,
4705,8.63831184,,,
4706,6.881675724,,,
4707,9.170568403,,,
4708,9.585444303,,,
4709,9.733412406,,,
4710,11.09675353,,,
4711,12.35609344,,,
4712,8.761726371,,,
4713,8.212122508,,,
4714,10.67163241,,,
4715,6.999316029,,,
4716,9.652907017,,,
4717,9.242041325,,,
4718,6.454637901,,,
4719,9.703387818,,,
4720,9.652417849,,,
4721,9.699489782,,,
4722,12.07205803,,,
4723,8.965838103,,,
4724,8.111374744,,,
4725,8.501908138,,,
4726,5.318944462,,,
4727,7.110250357,,,
4728,12.95371351,,,
4729,9.184748288,,,
4730,11.83026513,,,
4731,9.473316899,,,
4732,11.55415493,,,
4733,8.042327541,,,
4734,7.165262494,,,
4735,8.337641168,,,
4736,8.238331363,,,
4737,6.635553833,,,
4738,6.879379973,,,
4739,8.721232432,,,
4740,11.55224885,,,
4741,6.725251305,,,
4742,11.23791661,,,
4743,9.893364519,,,
4744,10.15524163,,,
4745,7.8194874,,,
4746,9.099937072,,,
4747,11.2069777,,,
4748,10.14178826,,,
4749,8.121417362,,,
4750,7.708476647,,,
4751,10.87609109,,,
4752,8.857486474,,,
4753,7.992233067,,,
4754,9.542417053,,,
4755,10.55635389,,,
4756,14.09853489,,,
4757,7.813183862,,,
4758,6.466535083,,,
4759,8.542555614,,,
4760,6.82110711,,,
4761,11.47301133,,,
4762,8.24295214,,,
4763,10.83757994,,,
4764,11.40206619,,,
4765,7.130690888,,,
4766,4.346444548,,,
4767,8.237083859,,,
4768,3.752701694,,,
4769,7.454331663,,,
4770,10.62553798,,,
4771,6.283521814,,,
4772,9.106217715,,,
4773,10.94746665,,,
4774,8.634644484,,,
4775,11.26326276,,,
4776,6.839246848,,,
4777,9.068331618,,,
4778,11.08888541,,,
4779,10.97142958,,,
4780,10.37891559,,,
4781,7.31262048,,,
4782,6.221725337,,,
4783,8.779496995,,,
4784,14.89761508,,,
4785,10.68168391,,,
4786,11.09596246,,,
4787,10.39039545,,,
4788,9.438389575,,,
4789,16.83258653,,,
4790,6.514503353,,,
4791,10.85737577,,,
4792,8.081375394,,,
4793,9.105638828,,,
4794,6.897256684,,,
4795,8.631447868,,,
4796,13.96112659,,,
4797,6.702819229,,,
4798,8.143983642,,,
4799,8.527474926,,,
4800,10.95570513,,,
4801,6.899044791,,,
4802,6.616726677,,,
4803,9.856566709,,,
4804,10.74611915,,,
4805,8.471495739,,,
4806,5.892021948,,,
4807,8.838079177,,,
4808,9.750319926,,,
4809,9.874184629,,,
4810,11.09108748,,,
4811,8.06586169,,,
4812,10.48501478,,,
4813,9.619047433,,,
4814,9.66555542,,,
4815,10.2377576,,,
4816,12.61512203,,,
4817,7.531012331,,,
4818,10.75660865,,,
4819,9.383443997,,,
4820,10.11695659,,,
4821,6.550161935,,,
4822,10.52109799,,,
4823,9.662853436,,,
4824,8.578494918,,,
4825,11.24402454,,,
4826,9.545575312,,,
4827,8.89240567,,,
4828,8.744157495,,,
4829,10.85619452,,,
4830,6.763707137,,,
4831,7.485572967,,,
4832,10.13109685,,,
4833,10.66480425,,,
4834,10.59214315,,,
4835,8.729543936,,,
4836,11.50538581,,,
4837,11.20551628,,,
4838,10.70278911,,,
4839,10.60058031,,,
4840,8.545220327,,,
4841,7.604676185,,,
4842,8.511099492,,,
4843,9.021023817,,,
4844,9.201590645,,,
4845,8.398706641,,,
4846,12.27915456,,,
4847,9.895016516,,,
4848,7.965764322,,,
4849,8.117936666,,,
4850,10.51314644,,,
4851,7.96546038,,,
4852,5.99754984,,,
4853,11.89072212,,,
4854,9.220645711,,,
4855,11.39875612,,,
4856,8.411597536,,,
4857,9.024805239,,,
4858,10.549666,,,
4859,10.12781142,,,
4860,10.85126918,,,
4861,7.634409797,,,
4862,8.427392341,,,
4863,7.512519386,,,
4864,10.18286905,,,
4865,13.19801184,,,
4866,7.483086127,,,
4867,9.230489035,,,
4868,9.748863983,,,
4869,7.753750498,,,
4870,8.829269314,,,
4871,7.262137857,,,
4872,10.47572022,,,
4873,8.252399558,,,
4874,8.662080973,,,
4875,9.916515773,,,
4876,7.347970325,,,
4877,5.800115178,,,
4878,11.20815375,,,
4879,10.72457655,,,
4880,9.149210111,,,
4881,7.431507049,,,
4882,8.089838163,,,
4883,10.99938371,,,
4884,9.919997763,,,
4885,11.12922247,,,
4886,10.11013454,,,
4887,7.172322865,,,
4888,8.887841688,,,
4889,7.401764947,,,
4890,8.657114763,,,
4891,10.03210713,,,
4892,12.83462203,,,
4893,10.06584776,,,
4894,6.907409965,,,
4895,7.434524602,,,
4896,4.596698666,,,
4897,7.998019926,,,
4898,8.738829733,,,
4899,8.791301137,,,
4900,9.028974026,,,
4901,11.04398172,,,
4902,8.62028373,,,
4903,8.999451678,,,
4904,6.563391507,,,
4905,11.20941236,,,
4906,11.42151594,,,
4907,10.44133249,,,
4908,9.35644924,,,
4909,6.400174384,,,
4910,8.703070624,,,
4911,13.47303684,,,
4912,6.325839626,,,
4913,11.15016034,,,
4914,11.07302905,,,
4915,9.13181131,,,
4916,10.52735021,,,
4917,10.3630021,,,
4918,8.391150423,,,
4919,8.409117783,,,
4920,10.41907473,,,
4921,10.10651395,,,
4922,10.07046691,,,
4923,10.11555621,,,
4924,7.286293873,,,
4925,11.53231662,,,
4926,9.613128344,,,
4927,11.60097774,,,
4928,7.194861732,,,
4929,7.125481119,,,
4930,8.009519295,,,
4931,5.843357298,,,
4932,9.871117435,,,
4933,13.80527492,,,
4934,8.462332741,,,
4935,9.035997415,,,
4936,8.504090787,,,
4937,7.350897247,,,
4938,9.192165045,,,
4939,9.769815397,,,
4940,10.68947848,,,
4941,10.54297364,,,
4942,8.911606807,,,
4943,12.96290946,,,
4944,9.256875121,,,
4945,10.70344121,,,
4946,8.273001453,,,
4947,7.799739223,,,
4948,5.875356562,,,
4949,9.467426861,,,
4950,13.10852347,,,
4951,7.086109764,,,
4952,7.716613922,,,
4953,9.799754059,,,
4954,12.72730103,,,
4955,8.866045296,,,
4956,4.910069844,,,
4957,10.61813654,,,
4958,11.72435575,,,
4959,8.503068183,,,
4960,8.371986842,,,
4961,4.479690189,,,
4962,11.47431353,,,
4963,5.36022862,,,
4964,7.998722834,,,
4965,8.765976405,,,
4966,8.326811381,,,
4967,9.651818734,,,
4968,11.36293369,,,
4969,6.005223381,,,
4970,9.820462775,,,
4971,6.862167264,,,
4972,9.559100716,,,
4973,8.802669865,,,
4974,9.290819544,,,
4975,10.78929851,,,
4976,8.799512946,,,
4977,4.790028256,,,
4978,9.218641572,,,
4979,8.804885456,,,
4980,8.612865966,,,
4981,9.12323558,,,
4982,10.48506976,,,
4983,11.04703854,,,
4984,9.593565497,,,
4985,8.94607214,,,
4986,9.091845239,,,
4987,9.711332667,,,
4988,9.032620618,,,
4989,8.962425085,,,
4990,5.461397386,,,
4991,13.45725286,,,
4992,7.165937285,,,
4993,11.92615437,,,
4994,11.12670791,,,
4995,9.039275098,,,
4996,10.53067139,,,
4997,12.87263536,,,
4998,9.485650751,,,
4999,10.94501434,,,
5000,7.985784715,,,
5001,11.79015799,,,
5002,7.08516173,,,
5003,9.539828381,,,
5004,9.719418968,,,
5005,14.13164947,,,
5006,8.7996251,,,
5007,5.1971264,,,
5008,7.989868267,,,
5009,6.471435352,,,
5010,6.576483431,,,
5011,7.592692155,,,
5012,4.231706785,,,
5013,11.39628126,,,
5014,8.482395043,,,
5015,10.05437297,,,
5016,10.26173277,,,
5017,11.17621475,,,
5018,12.36744684,,,
5019,13.47198263,,,
5020,10.73784691,,,
5021,8.330794996,,,
5022,10.16215039,,,
5023,9.909322083,,,
5024,11.39045691,,,
5025,9.23667026,,,
5026,8.148312628,,,
5027,10.60296991,,,
5028,12.24595327,,,
5029,11.09031651,,,
5030,7.434523481,,,
5031,7.961954418,,,
5032,8.149671524,,,
5033,13.9187407,,,
5034,11.85467322,,,
5035,8.943682855,,,
5036,13.37221304,,,
5037,8.246816828,,,
5038,11.21387377,,,
5039,7.692235991,,,
5040,8.716781766,,,
5041,9.06228588,,,
5042,9.043263739,,,
5043,6.811518088,,,
5044,8.66443847,,,
5045,8.667667461,,,
5046,9.448123845,,,
5047,5.13147215,,,
5048,9.652122318,,,
5049,9.735320592,,,
5050,10.47874483,,,
5051,7.275039979,,,
5052,10.93289812,,,
5053,13.41237871,,,
5054,8.032295899,,,
5055,7.961856227,,,
5056,14.73877019,,,
5057,7.414946456,,,
5058,8.753398084,,,
5059,10.48133755,,,
5060,8.359191084,,,
5061,12.65296733,,,
5062,6.300917149,,,
5063,9.153934785,,,
5064,8.444394028,,,
5065,7.97795797,,,
5066,7.391262046,,,
5067,9.852721063,,,
5068,7.409029362,,,
5069,8.804482381,,,
5070,11.2057467,,,
5071,9.73270643,,,
5072,10.60957558,,,
5073,6.646489138,,,
5074,7.771599997,,,
5075,10.77676928,,,
5076,8.27037836,,,
5077,13.2792048,,,
5078,9.946814949,,,
5079,8.084417487,,,
5080,10.20766729,,,
5081,12.9211293,,,
5082,10.89888411,,,
5083,12.24270502,,,
5084,6.761126192,,,
5085,10.11466935,,,
5086,9.96060886,,,
5087,7.592614956,,,
5088,6.494852511,,,
5089,10.39820264,,,
5090,12.27660775,,,
5091,9.997317735,,,
5092,10.14203999,,,
5093,7.51839985,,,
5094,9.980251582,,,
5095,11.51243798,,,
5096,9.794723517,,,
5097,6.802911463,,,
5098,9.40937883,,,
5099,9.565547479,,,
5100,10.78438072,,,
5101,10.58464698,,,
5102,7.424301598,,,
5103,8.505651816,,,
5104,8.131163741,,,
5105,4.912949182,,,
5106,7.007273732,,,
5107,8.826245104,,,
5108,10.32401448,,,
5109,7.927420392,,,
5110,9.236606676,,,
5111,5.324856803,,,
5112,6.907376508,,,
5113,9.910784404,,,
5114,6.936409225,,,
5115,11.81150762,,,
5116,8.267479427,,,
5117,9.756651307,,,
5118,9.889175727,,,
5119,5.161054641,,,
5120,7.651600624,,,
5121,11.24957165,,,
5122,11.0676549,,,
5123,12.87837926,,,
5124,9.723310216,,,
5125,6.740289654,,,
5126,12.47320186,,,
5127,8.995867086,,,
5128,7.904067742,,,
5129,9.249866169,,,
5130,11.84028227,,,
5131,8.522560236,,,
5132,8.721118315,,,
5133,11.06787521,,,
5134,9.144622117,,,
5135,11.13997046,,,
5136,12.11374505,,,
5137,10.41589714,,,
5138,7.287125573,,,
5139,9.631981698,,,
5140,8.747829714,,,
5141,10.68158704,,,
5142,10.2107185,,,
5143,12.07545734,,,
5144,7.803749298,,,
5145,12.99732202,,,
5146,9.043003319,,,
5147,8.451664512,,,
5148,8.868858229,,,
5149,11.07055632,,,
5150,8.870225447,,,
5151,7.719318065,,,
5152,10.11862281,,,
5153,4.852984724,,,
5154,7.438991735,,,
5155,8.760606069,,,
5156,7.316861042,,,
5157,7.632878,,,
5158,8.654376371,,,
5159,8.981275201,,,
5160,8.748307658,,,
5161,7.679646733,,,
5162,8.647409043,,,
5163,10.58334664,,,
5164,6.980101044,,,
5165,10.13243731,,,
5166,12.7367037,,,
5167,7.367965375,,,
5168,9.919059355,,,
5169,11.40534174,,,
5170,10.10251297,,,
5171,9.163822701,,,
5172,11.48237686,,,
5173,11.39684216,,,
5174,8.518360713,,,
5175,8.333704062,,,
5176,9.751954247,,,
5177,12.10872335,,,
5178,9.631535002,,,
5179,8.794507184,,,
5180,11.82372162,,,
5181,9.579106461,,,
5182,9.572915087,,,
5183,9.391767991,,,
5184,9.53771795,,,
5185,8.621150033,,,
5186,8.763507916,,,
5187,8.350656162,,,
5188,9.447913567,,,
5189,11.45593859,,,
5190,11.19753994,,,
5191,9.549011139,,,
5192,9.347867703,,,
5193,10.48692765,,,
5194,9.948417959,,,
5195,8.752663976,,,
5196,4.354533647,,,
5197,5.335071826,,,
5198,13.76806099,,,
5199,11.53466521,,,
5200,8.737353278,,,
5201,12.56077788,,,
5202,10.58296868,,,
5203,6.474685445,,,
5204,7.093934213,,,
5205,11.31653086,,,
5206,9.876516268,,,
5207,12.40298857,,,
5208,9.044353035,,,
5209,10.21437677,,,
5210,8.973018643,,,
5211,12.21585258,,,
5212,10.37700257,,,
5213,10.17071301,,,
5214,7.064418456,,,
5215,6.509227635,,,
5216,8.008913766,,,
5217,9.573695957,,,
5218,8.528645584,,,
5219,11.53881753,,,
5220,9.195713628,,,
5221,10.81642048,,,
5222,12.29470102,,,
5223,9.153993448,,,
5224,9.630533337,,,
5225,4.729331928,,,
5226,11.27422482,,,
5227,12.36883187,,,
5228,12.4789237,,,
5229,11.02834765,,,
5230,9.068920324,,,
5231,11.03852816,,,
5232,11.09411061,,,
5233,9.512689055,,,
5234,8.000985287,,,
5235,9.88066694,,,
5236,9.569567086,,,
5237,8.43818293,,,
5238,6.21152519,,,
5239,13.395513,,,
5240,13.75956029,,,
5241,8.819885632,,,
5242,9.04179088,,,
5243,9.358915409,,,
5244,12.53227034,,,
5245,8.66258244,,,
5246,9.286113079,,,
5247,8.806072553,,,
5248,7.4238818,,,
5249,8.404803961,,,
5250,10.89601564,,,
5251,7.021045629,,,
5252,11.05941517,,,
5253,12.38290876,,,
5254,10.54632091,,,
5255,6.377332224,,,
5256,9.442953039,,,
5257,8.215913013,,,
5258,9.701497472,,,
5259,10.38075436,,,
5260,7.538558203,,,
5261,7.696948073,,,
5262,11.6895341,,,
5263,7.832181938,,,
5264,11.24847,,,
5265,5.38104612,,,
5266,10.77973418,,,
5267,11.20745202,,,
5268,6.223116571,,,
5269,9.601099641,,,
5270,10.96867557,,,
5271,7.34915781,,,
5272,10.47768211,,,
5273,7.492585108,,,
5274,10.98452119,,,
5275,8.050704275,,,
5276,12.88952238,,,
5277,11.57456943,,,
5278,11.25147731,,,
5279,7.696553016,,,
5280,9.359570906,,,
5281,11.33873633,,,
5282,11.1455016,,,
5283,8.722997652,,,
5284,9.029097476,,,
5285,6.770582284,,,
5286,9.550603713,,,
5287,7.165795869,,,
5288,8.931427195,,,
5289,4.530859285,,,
5290,10.20571323,,,
5291,4.118873645,,,
5292,9.262785901,,,
5293,6.698052628,,,
5294,8.986507709,,,
5295,9.818709891,,,
5296,10.01579457,,,
5297,9.638904715,,,
5298,12.23274089,,,
5299,6.631639721,,,
5300,11.01159105,,,
5301,5.409229711,,,
5302,11.77495487,,,
5303,7.65925389,,,
5304,7.89119803,,,
5305,9.724644341,,,
5306,9.45961897,,,
5307,9.57772429,,,
5308,10.71258883,,,
5309,8.57957859,,,
5310,13.97300563,,,
5311,11.95744465,,,
5312,8.489913509,,,
5313,10.01586682,,,
5314,8.731530178,,,
5315,9.934129676,,,
5316,9.771648674,,,
5317,11.07968618,,,
5318,6.583879271,,,
5319,9.952583088,,,
5320,9.08714149,,,
5321,9.530598427,,,
5322,9.581928546,,,
5323,7.025115765,,,
5324,12.31775853,,,
5325,11.44238383,,,
5326,7.034155515,,,
5327,7.188789587,,,
5328,9.331588015,,,
5329,10.64211862,,,
5330,9.946989092,,,
5331,11.41376617,,,
5332,8.635449444,,,
5333,10.13924232,,,
5334,12.5592504,,,
5335,11.81485984,,,
5336,8.730569108,,,
5337,9.819740314,,,
5338,9.547432291,,,
5339,9.027960081,,,
5340,7.230415204,,,
5341,7.907771241,,,
5342,5.063579979,,,
5343,10.95456844,,,
5344,7.051313084,,,
5345,8.869977321,,,
5346,12.97268493,,,
5347,8.260239373,,,
5348,10.07698538,,,
5349,6.667361255,,,
5350,9.034399889,,,
5351,9.102592332,,,
5352,8.285343696,,,
5353,8.35104442,,,
5354,7.044165947,,,
5355,9.881702136,,,
5356,10.56923661,,,
5357,11.68729476,,,
5358,9.591610768,,,
5359,8.459212823,,,
5360,12.06511283,,,
5361,10.93787812,,,
5362,9.261831955,,,
5363,9.437965198,,,
5364,7.347329448,,,
5365,11.76144188,,,
5366,4.899781258,,,
5367,13.19900744,,,
5368,9.791582671,,,
5369,11.02026299,,,
5370,11.94270585,,,
5371,12.20900174,,,
5372,9.18544221,,,
5373,8.481555354,,,
5374,9.455410882,,,
5375,7.912411553,,,
5376,8.38500695,,,
5377,11.55390272,,,
5378,10.4518789,,,
5379,11.40937726,,,
5380,10.79836351,,,
5381,9.721137334,,,
5382,6.74254317,,,
5383,12.87904205,,,
5384,7.184202676,,,
5385,13.99742463,,,
5386,9.051942487,,,
5387,6.111359813,,,
5388,13.48373729,,,
5389,8.825593988,,,
5390,11.27719801,,,
5391,13.2819056,,,
5392,6.947067052,,,
5393,7.236706306,,,
5394,8.25363461,,,
5395,11.4372061,,,
5396,8.035280682,,,
5397,11.21746912,,,
5398,9.468492399,,,
5399,10.45886103,,,
5400,7.777814107,,,
5401,12.4323304,,,
5402,9.547091288,,,
5403,9.57717866,,,
5404,8.948939446,,,
5405,12.68823249,,,
5406,8.653439519,,,
5407,8.022878138,,,
5408,10.82172281,,,
5409,11.84555499,,,
5410,10.97437467,,,
5411,11.63803789,,,
5412,12.88569451,,,
5413,11.29756593,,,
5414,9.274782978,,,
5415,9.613906146,,,
5416,11.1986889,,,
5417,9.788452186,,,
5418,13.38237751,,,
5419,10.13876332,,,
5420,8.579738183,,,
5421,6.324620064,,,
5422,13.09051296,,,
5423,8.20098525,,,
5424,9.915862756,,,
5425,10.5711644,,,
5426,10.2865919,,,
5427,12.4483938,,,
5428,8.223230584,,,
5429,10.36049457,,,
5430,9.868534929,,,
5431,9.205833397,,,
5432,9.772887979,,,
5433,7.39534279,,,
5434,10.66588612,,,
5435,10.94702622,,,
5436,8.675907082,,,
5437,6.5137646,,,
5438,8.868216829,,,
5439,9.984377549,,,
5440,6.786004391,,,
5441,9.53039123,,,
5442,10.32082795,,,
5443,2.779227346,,,
5444,9.719199657,,,
5445,3.990595111,,,
5446,8.122286717,,,
5447,10.06069318,,,
5448,7.463619282,,,
5449,7.17996994,,,
5450,5.43662195,,,
5451,9.54458129,,,
5452,12.01185697,,,
5453,8.104741944,,,
5454,12.03336601,,,
5455,7.863683578,,,
5456,12.23232099,,,
5457,7.606937913,,,
5458,9.167469719,,,
5459,10.00100159,,,
5460,10.95135001,,,
5461,7.685028845,,,
5462,4.529641952,,,
5463,9.526597296,,,
5464,8.390788934,,,
5465,6.259582339,,,
5466,4.945075609,,,
5467,7.982163805,,,
5468,8.552772163,,,
5469,8.833405797,,,
5470,12.98000205,,,
5471,10.17269745,,,
5472,3.301951673,,,
5473,13.95264034,,,
5474,10.56665031,,,
5475,6.14433232,,,
5476,9.986711895,,,
5477,13.05440069,,,
5478,9.182353499,,,
5479,9.418457693,,,
5480,8.465864811,,,
5481,11.56053423,,,
5482,9.26554997,,,
5483,12.58464174,,,
5484,7.878593952,,,
5485,7.98745049,,,
5486,10.71135616,,,
5487,13.25220156,,,
5488,9.164326887,,,
5489,7.892579827,,,
5490,9.583236653,,,
5491,6.370491052,,,
5492,9.570033542,,,
5493,11.8952198,,,
5494,10.84716793,,,
5495,9.72175154,,,
5496,8.36388272,,,
5497,12.03190521,,,
5498,9.239461644,,,
5499,13.79083757,,,
5500,8.240303673,,,
5501,7.219827667,,,
5502,10.58272401,,,
5503,13.87687679,,,
5504,14.0310965,,,
5505,7.075031064,,,
5506,7.409575872,,,
5507,12.0310144,,,
5508,10.88264816,,,
5509,7.019141293,,,
5510,5.832772627,,,
5511,5.9031521,,,
5512,9.298445037,,,
5513,11.7182682,,,
5514,11.73033432,,,
5515,10.34479311,,,
5516,11.64357097,,,
5517,10.94964391,,,
5518,11.31660835,,,
5519,7.960791727,,,
5520,8.632017248,,,
5521,9.460968473,,,
5522,8.727978801,,,
5523,6.95342659,,,
5524,8.60656587,,,
5525,9.22417321,,,
5526,8.877041279,,,
5527,11.21908724,,,
5528,8.901066421,,,
5529,11.10965603,,,
5530,8.858264202,,,
5531,6.185327098,,,
5532,8.162676882,,,
5533,5.807119053,,,
5534,7.23284447,,,
5535,6.715528255,,,
5536,7.712545624,,,
5537,8.460681211,,,
5538,11.40048692,,,
5539,11.51039594,,,
5540,8.315622481,,,
5541,6.688538019,,,
5542,12.77944439,,,
5543,11.88148192,,,
5544,11.42979212,,,
5545,7.034625792,,,
5546,9.109226673,,,
5547,8.237272555,,,
5548,6.683505917,,,
5549,7.558903536,,,
5550,10.1362277,,,
5551,13.22568422,,,
5552,9.155572187,,,
5553,8.801006033,,,
5554,9.107540993,,,
5555,7.537872665,,,
5556,7.1157233,,,
5557,10.34962076,,,
5558,11.20657288,,,
5559,10.88361164,,,
5560,12.55617061,,,
5561,8.866492474,,,
5562,7.288079452,,,
5563,7.561439335,,,
5564,11.26131799,,,
5565,5.009269334,,,
5566,10.29215739,,,
5567,7.004096631,,,
5568,7.753694408,,,
5569,9.406201595,,,
5570,12.09563692,,,
5571,6.682578567,,,
5572,8.990466089,,,
5573,11.17713298,,,
5574,6.267636771,,,
5575,7.953332468,,,
5576,6.817394364,,,
5577,7.135193784,,,
5578,4.829085147,,,
5579,5.747612374,,,
5580,9.582211958,,,
5581,13.52168865,,,
5582,14.4739533,,,
5583,8.697156896,,,
5584,9.719755191,,,
5585,9.494507157,,,
5586,9.524992053,,,
5587,13.02235426,,,
5588,11.14066951,,,
5589,9.577085209,,,
5590,9.398461325,,,
5591,7.65197919,,,
5592,9.922358758,,,
5593,8.763102283,,,
5594,4.004266459,,,
5595,6.675089684,,,
5596,6.612610733,,,
5597,9.268334276,,,
5598,11.30614354,,,
5599,12.15878214,,,
5600,9.709375295,,,
5601,9.513848937,,,
5602,12.66511902,,,
5603,9.927395351,,,
5604,9.22117697,,,
5605,11.424235,,,
5606,9.094283669,,,
5607,11.85176338,,,
5608,6.858354377,,,
5609,7.274692555,,,
5610,6.786143472,,,
5611,10.14506804,,,
5612,12.0114617,,,
5613,10.49671414,,,
5614,10.8653303,,,
5615,10.56002829,,,
5616,10.85499949,,,
5617,7.609074822,,,
5618,10.18958346,,,
5619,4.54916046,,,
5620,13.17277216,,,
5621,6.927484853,,,
5622,8.644318944,,,
5623,8.964774201,,,
5624,12.61509372,,,
5625,7.969371534,,,
5626,11.26939994,,,
5627,11.19249937,,,
5628,8.336575256,,,
5629,10.03806354,,,
5630,8.332166578,,,
5631,9.398671855,,,
5632,7.000727383,,,
5633,10.15984557,,,
5634,10.85938312,,,
5635,8.676358388,,,
5636,10.53807892,,,
5637,11.48844549,,,
5638,11.30570913,,,
5639,10.74218155,,,
5640,9.61748889,,,
5641,7.88834924,,,
5642,12.13372373,,,
5643,8.788604805,,,
5644,8.013137991,,,
5645,10.62559084,,,
5646,8.952466379,,,
5647,9.338894833,,,
5648,6.654778473,,,
5649,9.957396254,,,
5650,9.748096595,,,
5651,9.408384638,,,
5652,4.12427908,,,
5653,9.414919522,,,
5654,12.2369636,,,
5655,11.05725891,,,
5656,7.346906064,,,
5657,8.569691563,,,
5658,5.695572204,,,
5659,7.891859659,,,
5660,10.56615427,,,
5661,9.420381207,,,
5662,10.67311681,,,
5663,9.090305026,,,
5664,8.808892416,,,
5665,10.76333211,,,
5666,6.603424287,,,
5667,9.353322896,,,
5668,9.506891596,,,
5669,9.484737422,,,
5670,7.732856368,,,
5671,10.49445675,,,
5672,7.780589281,,,
5673,9.422842326,,,
5674,13.82635077,,,
5675,7.631854841,,,
5676,9.817828126,,,
5677,7.00053382,,,
5678,8.713222497,,,
5679,12.10542013,,,
5680,9.162426199,,,
5681,9.98761177,,,
5682,9.818392754,,,
5683,10.18017872,,,
5684,6.525975843,,,
5685,11.72356891,,,
5686,7.645388911,,,
5687,10.4672861,,,
5688,6.598265109,,,
5689,13.46175857,,,
5690,12.46246124,,,
5691,10.068239,,,
5692,6.400090593,,,
5693,10.05928594,,,
5694,11.22433826,,,
5695,8.565091753,,,
5696,9.757857427,,,
5697,8.523114576,,,
5698,6.759540371,,,
5699,12.28046927,,,
5700,11.00466924,,,
5701,13.19080239,,,
5702,12.44039793,,,
5703,9.893755787,,,
5704,9.599770394,,,
5705,5.600837566,,,
5706,9.124367447,,,
5707,6.869943804,,,
5708,9.303549034,,,
5709,9.631216097,,,
5710,10.57338833,,,
5711,7.015505119,,,
5712,5.625378712,,,
5713,6.72055281,,,
5714,10.41574746,,,
5715,9.45823686,,,
5716,10.42447891,,,
5717,9.910263657,,,
5718,9.059977024,,,
5719,11.13960714,,,
5720,8.127826966,,,
5721,13.33711148,,,
5722,14.25871811,,,
5723,9.307428088,,,
5724,9.631618661,,,
5725,9.84756207,,,
5726,8.296956669,,,
5727,9.136714097,,,
5728,11.47908995,,,
5729,10.6908316,,,
5730,9.844627221,,,
5731,11.15934355,,,
5732,6.667749234,,,
5733,10.85455511,,,
5734,8.255525818,,,
5735,8.213756058,,,
5736,6.698316246,,,
5737,7.759892086,,,
5738,9.678305067,,,
5739,10.61096362,,,
5740,7.939301125,,,
5741,11.0243883,,,
5742,10.20560113,,,
5743,8.242226171,,,
5744,8.381795812,,,
5745,10.66048768,,,
5746,8.861146268,,,
5747,12.80415484,,,
5748,5.203713207,,,
5749,9.441964083,,,
5750,6.892014097,,,
5751,7.477986494,,,
5752,10.376381,,,
5753,11.32954598,,,
5754,7.369756068,,,
5755,7.259619317,,,
5756,5.488346773,,,
5757,7.338708224,,,
5758,6.04017445,,,
5759,5.63725616,,,
5760,11.8164027,,,
5761,8.4901129,,,
5762,8.104171913,,,
5763,11.92517624,,,
5764,7.865610268,,,
5765,7.115288275,,,
5766,6.937814555,,,
5767,5.055620028,,,
5768,10.96942359,,,
5769,11.12878886,,,
5770,9.670546422,,,
5771,9.322861443,,,
5772,9.671749645,,,
5773,7.487183471,,,
5774,9.642068648,,,
5775,8.370024439,,,
5776,4.665314035,,,
5777,11.52834685,,,
5778,10.01534654,,,
5779,10.65677932,,,
5780,11.93519345,,,
5781,7.055300315,,,
5782,10.87008757,,,
5783,12.57993977,,,
5784,7.624495086,,,
5785,10.86769668,,,
5786,10.18919734,,,
5787,10.28116252,,,
5788,5.749810259,,,
5789,9.135103308,,,
5790,8.033148014,,,
5791,10.3312074,,,
5792,7.742304257,,,
5793,7.2167836,,,
5794,9.167056807,,,
5795,9.864839236,,,
5796,8.025919682,,,
5797,5.715082829,,,
5798,9.016969353,,,
5799,7.125499454,,,
5800,10.61754524,,,
5801,12.74114303,,,
5802,10.25860887,,,
5803,6.253376423,,,
5804,10.57232205,,,
5805,8.631966394,,,
5806,7.506406952,,,
5807,7.336844871,,,
5808,12.01904355,,,
5809,6.980927539,,,
5810,7.834617004,,,
5811,8.912571598,,,
5812,8.919657693,,,
5813,9.944739872,,,
5814,11.16806947,,,
5815,10.23404743,,,
5816,10.90237861,,,
5817,12.48493967,,,
5818,5.529077146,,,
5819,13.42543788,,,
5820,9.725213314,,,
5821,12.77737693,,,
5822,10.93761224,,,
5823,8.45976522,,,
5824,3.068901154,,,
5825,8.179836682,,,
5826,6.686316812,,,
5827,9.670086371,,,
5828,8.969505455,,,
5829,9.93458991,,,
5830,8.918612051,,,
5831,11.89573229,,,
5832,6.907219493,,,
5833,7.429995854,,,
5834,8.907074474,,,
5835,9.495811019,,,
5836,8.898235724,,,
5837,4.627173787,,,
5838,6.490540223,,,
5839,11.77008893,,,
5840,6.953182354,,,
5841,8.95798797,,,
5842,9.218714742,,,
5843,12.97674646,,,
5844,6.219637148,,,
5845,9.263764234,,,
5846,11.20839842,,,
5847,11.54414489,,,
5848,9.180746485,,,
5849,7.480589002,,,
5850,7.288342612,,,
5851,11.33947686,,,
5852,8.255225024,,,
5853,7.69102958,,,
5854,7.162490199,,,
5855,10.22763419,,,
5856,11.1583217,,,
5857,4.987113652,,,
5858,9.48749233,,,
5859,9.505175108,,,
5860,7.916683852,,,
5861,6.426957215,,,
5862,11.54849083,,,
5863,12.49843251,,,
5864,8.061240898,,,
5865,11.59738226,,,
5866,10.37468693,,,
5867,10.03640787,,,
5868,10.23139246,,,
5869,11.52213772,,,
5870,9.246761984,,,
5871,12.70215273,,,
5872,7.031211891,,,
5873,8.811521109,,,
5874,10.35139744,,,
5875,8.513262917,,,
5876,9.639389874,,,
5877,9.502072845,,,
5878,12.24890452,,,
5879,10.25956283,,,
5880,11.54533788,,,
5881,7.297850399,,,
5882,8.966974527,,,
5883,10.13555189,,,
5884,9.715013221,,,
5885,7.909098166,,,
5886,6.069633815,,,
5887,11.44793323,,,
5888,9.734926135,,,
5889,11.33122165,,,
5890,8.61221,,,
5891,10.20978015,,,
5892,9.096556203,,,
5893,10.33826606,,,
5894,8.493275748,,,
5895,11.33600244,,,
5896,9.413089635,,,
5897,9.127380905,,,
5898,6.537737031,,,
5899,11.22128874,,,
5900,10.9227769,,,
5901,7.348609403,,,
5902,7.404434346,,,
5903,9.652911752,,,
5904,10.4608295,,,
5905,12.72166335,,,
5906,9.520930472,,,
5907,13.47750451,,,
5908,11.26744263,,,
5909,11.22827179,,,
5910,9.627155613,,,
5911,10.53053751,,,
5912,12.90848747,,,
5913,9.794893696,,,
5914,6.160249894,,,
5915,11.14172671,,,
5916,8.538964877,,,
5917,12.35017049,,,
5918,10.10908103,,,
5919,9.713349815,,,
5920,9.088149131,,,
5921,6.304274406,,,
5922,5.114455376,,,
5923,5.190782503,,,
5924,7.818590076,,,
5925,6.605106501,,,
5926,7.952811548,,,
5927,8.843180513,,,
5928,12.33999225,,,
5929,10.05871316,,,
5930,8.688820928,,,
5931,6.833806627,,,
5932,11.03074183,,,
5933,8.939229186,,,
5934,8.285993022,,,
5935,7.143865801,,,
5936,7.601356282,,,
5937,11.52891638,,,
5938,6.810438415,,,
5939,12.44082952,,,
5940,9.934949484,,,
5941,10.36008571,,,
5942,10.48631139,,,
5943,6.800935574,,,
5944,10.7208659,,,
5945,5.171219877,,,
5946,9.555268874,,,
5947,8.644094851,,,
5948,7.330581168,,,
5949,10.6679773,,,
5950,13.10076607,,,
5951,7.41028136,,,
5952,10.3216541,,,
5953,9.048108107,,,
5954,8.951405248,,,
5955,10.51460185,,,
5956,7.745869281,,,
5957,11.12121522,,,
5958,9.16537281,,,
5959,11.26815222,,,
5960,9.391054639,,,
5961,11.51719614,,,
5962,12.77251708,,,
5963,12.13010453,,,
5964,8.92157201,,,
5965,6.662150534,,,
5966,5.037979886,,,
5967,10.79711123,,,
5968,8.734893565,,,
5969,7.283891196,,,
5970,10.85630076,,,
5971,8.901525807,,,
5972,7.579432139,,,
5973,11.50216371,,,
5974,10.72635705,,,
5975,10.32100831,,,
5976,12.61318482,,,
5977,9.689623473,,,
5978,9.90197738,,,
5979,10.30662801,,,
5980,12.08486877,,,
5981,9.003521766,,,
5982,11.54720908,,,
5983,13.62421883,,,
5984,9.764101621,,,
5985,13.09789237,,,
5986,8.909005307,,,
5987,8.710329664,,,
5988,11.33715922,,,
5989,9.382262679,,,
5990,9.587541313,,,
5991,11.28802123,,,
5992,8.842920767,,,
5993,8.739033465,,,
5994,8.506282159,,,
5995,7.082352875,,,
5996,10.00398007,,,
5997,8.751135725,,,
5998,10.15290872,,,
5999,9.617825831,,,
6000,10.09454906,,,
6001,5.912402971,,,
6002,9.01244714,,,
6003,8.326626904,,,
6004,6.904431312,,,
6005,13.37391784,,,
6006,7.085756697,,,
6007,11.82313875,,,
6008,6.718732476,,,
6009,10.41946555,,,
6010,9.469666571,,,
6011,7.464556755,,,
6012,8.883031785,,,
6013,9.226533861,,,
6014,7.229144908,,,
6015,7.42415036,,,
6016,9.554813284,,,
6017,10.7069907,,,
6018,8.295118365,,,
6019,10.95710227,,,
6020,12.50642292,,,
6021,9.008407827,,,
6022,10.26408181,,,
6023,8.527405945,,,
6024,11.06859455,,,
6025,9.646854985,,,
6026,9.01065167,,,
6027,8.192307918,,,
6028,13.47645576,,,
6029,9.463124854,,,
6030,5.645095215,,,
6031,7.928075348,,,
6032,5.725007528,,,
6033,8.375648093,,,
6034,8.59370304,,,
6035,8.609833433,,,
6036,6.860567761,,,
6037,9.158478376,,,
6038,8.910670226,,,
6039,8.964314425,,,
6040,9.099825127,,,
6041,12.80604855,,,
6042,9.047994964,,,
6043,7.820672366,,,
6044,9.027971295,,,
6045,7.375483512,,,
6046,10.79285235,,,
6047,9.537155217,,,
6048,8.971850749,,,
6049,8.269191498,,,
6050,8.419626141,,,
6051,10.67409734,,,
6052,10.10751912,,,
6053,8.526311561,,,
6054,14.36542673,,,
6055,10.69574216,,,
6056,8.689135667,,,
6057,7.699535689,,,
6058,9.293008631,,,
6059,9.541263652,,,
6060,8.433172978,,,
6061,10.43813906,,,
6062,7.686552115,,,
6063,10.54986944,,,
6064,9.903169915,,,
6065,10.08318264,,,
6066,10.34506052,,,
6067,12.00002753,,,
6068,8.117737131,,,
6069,11.14428683,,,
6070,10.70161926,,,
6071,8.932272705,,,
6072,12.03896208,,,
6073,8.752599937,,,
6074,12.77430366,,,
6075,9.617002318,,,
6076,12.33549263,,,
6077,7.605906045,,,
6078,8.578289665,,,
6079,9.15500399,,,
6080,5.811264841,,,
6081,11.22822595,,,
6082,10.5897723,,,
6083,8.321635752,,,
6084,9.731806626,,,
6085,12.36009608,,,
6086,10.28852857,,,
6087,10.8397189,,,
6088,13.91015344,,,
6089,9.655739847,,,
6090,6.917666305,,,
6091,7.9763751,,,
6092,10.03492876,,,
6093,8.860510693,,,
6094,7.854459119,,,
6095,9.579882634,,,
6096,8.433589933,,,
6097,11.31167937,,,
6098,10.57524302,,,
6099,7.873687844,,,
6100,11.95096845,,,
6101,11.379685,,,
6102,13.03132893,,,
6103,9.790048862,,,
6104,10.5952546,,,
6105,9.150442419,,,
6106,6.978792097,,,
6107,5.535658745,,,
6108,8.924103655,,,
6109,10.70366183,,,
6110,8.298197309,,,
6111,9.774203593,,,
6112,8.43205072,,,
6113,9.504756976,,,
6114,10.05178572,,,
6115,9.387110321,,,
6116,7.922473133,,,
6117,7.884243066,,,
6118,6.897518065,,,
6119,9.531707432,,,
6120,11.1629295,,,
6121,5.890238292,,,
6122,8.286687193,,,
6123,6.566090259,,,
6124,9.212417579,,,
6125,9.458003375,,,
6126,7.87813416,,,
6127,9.82583741,,,
6128,8.967333994,,,
6129,7.682811833,,,
6130,10.97954448,,,
6131,7.14106538,,,
6132,9.723211633,,,
6133,12.05755596,,,
6134,10.08061067,,,
6135,11.28148138,,,
6136,11.78380319,,,
6137,11.86996656,,,
6138,7.272461178,,,
6139,11.59987163,,,
6140,8.215860515,,,
6141,6.541991957,,,
6142,12.01811732,,,
6143,8.32320036,,,
6144,11.08048002,,,
6145,11.73778567,,,
6146,13.28096379,,,
6147,11.73474642,,,
6148,10.65066387,,,
6149,8.394513708,,,
6150,8.042533333,,,
6151,9.241659517,,,
6152,9.009901221,,,
6153,6.078476742,,,
6154,7.523352778,,,
6155,11.21682892,,,
6156,7.946674613,,,
6157,11.38139505,,,
6158,11.99133175,,,
6159,9.199037607,,,
6160,9.292335717,,,
6161,8.092226474,,,
6162,8.920587411,,,
6163,8.637499308,,,
6164,7.047431823,,,
6165,9.788728401,,,
6166,10.28246446,,,
6167,10.26457414,,,
6168,9.922622767,,,
6169,8.762466531,,,
6170,11.18405032,,,
6171,11.65926595,,,
6172,11.68823442,,,
6173,9.486676468,,,
6174,11.99381704,,,
6175,12.55429427,,,
6176,11.15310707,,,
6177,9.481007536,,,
6178,8.784869258,,,
6179,8.257713513,,,
6180,10.97197571,,,
6181,9.725777322,,,
6182,7.989686636,,,
6183,9.359976558,,,
6184,8.998628559,,,
6185,8.319093566,,,
6186,5.906680566,,,
6187,10.85758556,,,
6188,9.541427117,,,
6189,8.817581494,,,
6190,6.259411887,,,
6191,9.330552853,,,
6192,11.22758947,,,
6193,8.111369264,,,
6194,8.678926168,,,
6195,8.748653593,,,
6196,9.389344494,,,
6197,9.236540373,,,
6198,9.738691071,,,
6199,10.59018,,,
6200,12.61912648,,,
6201,5.834887101,,,
6202,9.242182708,,,
6203,9.308110292,,,
6204,11.54867395,,,
6205,7.2197077,,,
6206,14.75756918,,,
6207,10.40511967,,,
6208,10.79447063,,,
6209,11.45745832,,,
6210,12.86010728,,,
6211,8.915639023,,,
6212,7.24871991,,,
6213,8.63693149,,,
6214,9.317723104,,,
6215,9.014271819,,,
6216,8.975812279,,,
6217,10.59409213,,,
6218,8.606524155,,,
6219,9.498551232,,,
6220,11.37569292,,,
6221,9.165187266,,,
6222,7.541354296,,,
6223,9.645986841,,,
6224,10.6180096,,,
6225,8.069202937,,,
6226,10.86177638,,,
6227,9.956324812,,,
6228,9.421202651,,,
6229,8.070474608,,,
6230,9.679276108,,,
6231,7.645626356,,,
6232,8.762148875,,,
6233,9.686727958,,,
6234,6.940490772,,,
6235,10.64053245,,,
6236,7.967090833,,,
6237,10.18772205,,,
6238,6.709547044,,,
6239,11.10121577,,,
6240,9.032085233,,,
6241,13.71255588,,,
6242,9.263884235,,,
6243,8.123587451,,,
6244,10.90107682,,,
6245,7.50125277,,,
6246,11.34022349,,,
6247,11.62554119,,,
6248,12.34389366,,,
6249,10.75203844,,,
6250,11.2304651,,,
6251,11.03853731,,,
6252,9.052259177,,,
6253,8.776594785,,,
6254,10.03759219,,,
6255,9.161869341,,,
6256,11.0968851,,,
6257,8.865124559,,,
6258,10.45951614,,,
6259,9.321304438,,,
6260,9.17243114,,,
6261,10.08436175,,,
6262,8.198041708,,,
6263,7.789079226,,,
6264,3.171089125,,,
6265,4.455402918,,,
6266,8.929227304,,,
6267,10.72801034,,,
6268,8.360431876,,,
6269,9.236573203,,,
6270,10.60936318,,,
6271,7.042924902,,,
6272,14.93413821,,,
6273,10.81763348,,,
6274,8.716064341,,,
6275,7.550277748,,,
6276,8.819288925,,,
6277,10.14963245,,,
6278,11.54036022,,,
6279,9.208595595,,,
6280,12.17174079,,,
6281,11.15785781,,,
6282,9.868926704,,,
6283,12.27403813,,,
6284,10.15863931,,,
6285,8.154913382,,,
6286,7.066917927,,,
6287,6.793792313,,,
6288,7.242462962,,,
6289,10.50593157,,,
6290,5.991270598,,,
6291,8.20239937,,,
6292,7.590564431,,,
6293,9.077739087,,,
6294,14.62639567,,,
6295,9.605354518,,,
6296,10.77858328,,,
6297,8.091727945,,,
6298,5.964244412,,,
6299,9.173268307,,,
6300,12.374058,,,
6301,10.23678822,,,
6302,7.020856768,,,
6303,13.43338435,,,
6304,10.78528447,,,
6305,8.10200366,,,
6306,6.72162652,,,
6307,9.32363408,,,
6308,9.151016548,,,
6309,13.02826386,,,
6310,10.95796525,,,
6311,7.245360621,,,
6312,9.099793768,,,
6313,9.00726606,,,
6314,11.68527347,,,
6315,9.311251885,,,
6316,4.995402919,,,
6317,10.85231652,,,
6318,12.2684099,,,
6319,9.672546344,,,
6320,11.43529629,,,
6321,7.374286169,,,
6322,8.039982586,,,
6323,9.586756123,,,
6324,10.70062401,,,
6325,8.796001382,,,
6326,11.0484822,,,
6327,6.205221327,,,
6328,7.45922849,,,
6329,5.391669425,,,
6330,9.821825875,,,
6331,10.78974206,,,
6332,11.04293023,,,
6333,9.359649866,,,
6334,11.29815266,,,
6335,10.08025875,,,
6336,8.083270324,,,
6337,11.17817016,,,
6338,11.68861509,,,
6339,9.727306947,,,
6340,8.036837701,,,
6341,7.65182871,,,
6342,8.639619464,,,
6343,9.511825137,,,
6344,7.6392943,,,
6345,11.26218969,,,
6346,10.2769661,,,
6347,6.276060939,,,
6348,12.92632166,,,
6349,4.456858028,,,
6350,14.7402825,,,
6351,6.278941906,,,
6352,9.00854312,,,
6353,10.81477046,,,
6354,8.447144855,,,
6355,9.103642817,,,
6356,11.58464244,,,
6357,13.2118189,,,
6358,8.553695395,,,
6359,11.58931351,,,
6360,12.07478139,,,
6361,8.733235667,,,
6362,9.863955405,,,
6363,10.23144828,,,
6364,11.52508467,,,
6365,9.874578391,,,
6366,10.80254802,,,
6367,7.990080347,,,
6368,8.481263989,,,
6369,11.09064636,,,
6370,7.78250367,,,
6371,10.13388851,,,
6372,7.735149875,,,
6373,8.2820838,,,
6374,8.471130695,,,
6375,8.323785697,,,
6376,12.02623677,,,
6377,9.593161084,,,
6378,6.792129229,,,
6379,6.17537696,,,
6380,8.353589396,,,
6381,8.746133395,,,
6382,10.11329571,,,
6383,10.97707388,,,
6384,9.238513402,,,
6385,11.33626243,,,
6386,7.658208702,,,
6387,9.991852722,,,
6388,9.681834585,,,
6389,13.6456212,,,
6390,12.03891267,,,
6391,10.76584977,,,
6392,12.76764422,,,
6393,10.94859865,,,
6394,7.651653205,,,
6395,5.565831974,,,
6396,12.9600799,,,
6397,9.682406899,,,
6398,5.897858531,,,
6399,9.658125076,,,
6400,10.00625786,,,
6401,14.02260864,,,
6402,9.054583682,,,
6403,14.33813406,,,
6404,11.8315414,,,
6405,8.740561889,,,
6406,10.69222115,,,
6407,7.699902097,,,
6408,11.94028758,,,
6409,10.79281074,,,
6410,10.14859423,,,
6411,10.77517374,,,
6412,13.99354122,,,
6413,10.77858816,,,
6414,6.232015575,,,
6415,9.77343264,,,
6416,8.593964831,,,
6417,10.74264705,,,
6418,9.896814876,,,
6419,11.88452403,,,
6420,5.583170777,,,
6421,10.2711265,,,
6422,8.862298548,,,
6423,4.717630648,,,
6424,9.803788663,,,
6425,10.43815649,,,
6426,11.36234751,,,
6427,10.50730097,,,
6428,6.784121058,,,
6429,9.981369702,,,
6430,8.870064661,,,
6431,9.735897738,,,
6432,10.67456735,,,
6433,11.12103228,,,
6434,11.72030391,,,
6435,12.50527576,,,
6436,7.395883071,,,
6437,9.195506601,,,
6438,8.928789853,,,
6439,15.02001596,,,
6440,7.748183027,,,
6441,10.47879343,,,
6442,8.466231432,,,
6443,7.762219509,,,
6444,8.439914818,,,
6445,7.993328344,,,
6446,11.18655726,,,
6447,12.66438835,,,
6448,11.50160782,,,
6449,7.769245646,,,
6450,10.34343059,,,
6451,10.91627482,,,
6452,13.09507479,,,
6453,10.49919086,,,
6454,11.32774701,,,
6455,6.239829498,,,
6456,8.618581798,,,
6457,11.63032167,,,
6458,10.73526045,,,
6459,12.31867691,,,
6460,7.767699818,,,
6461,12.088738,,,
6462,7.644793646,,,
6463,6.765569921,,,
6464,8.202688512,,,
6465,10.51438848,,,
6466,8.385689177,,,
6467,10.79041239,,,
6468,7.463864047,,,
6469,8.224138048,,,
6470,10.66612824,,,
6471,8.684534982,,,
6472,9.323047902,,,
6473,7.091821193,,,
6474,9.698119788,,,
6475,9.772250821,,,
6476,9.198759774,,,
6477,9.908298337,,,
6478,10.97588129,,,
6479,8.902145317,,,
6480,7.448755871,,,
6481,10.34939918,,,
6482,13.61898029,,,
6483,10.96063167,,,
6484,10.67613394,,,
6485,9.401590293,,,
6486,13.83334498,,,
6487,5.436279289,,,
6488,11.12021819,,,
6489,7.998018507,,,
6490,11.08191674,,,
6491,14.1283863,,,
6492,9.322126533,,,
6493,11.70423179,,,
6494,8.786154369,,,
6495,3.963010423,,,
6496,10.34957791,,,
6497,11.97207208,,,
6498,10.268536,,,
6499,9.301120829,,,
6500,8.63078637,,,
6501,10.6809376,,,
6502,9.732863647,,,
6503,11.48310044,,,
6504,11.37265633,,,
6505,7.193692218,,,
6506,7.878178286,,,
6507,10.38662527,,,
6508,8.922100566,,,
6509,7.991157325,,,
6510,11.04263701,,,
6511,8.420170559,,,
6512,12.40869715,,,
6513,8.707205427,,,
6514,11.45534247,,,
6515,8.556607974,,,
6516,7.70657703,,,
6517,10.97686101,,,
6518,7.838821329,,,
6519,8.143165505,,,
6520,10.03975764,,,
6521,9.898803878,,,
6522,7.252455022,,,
6523,9.085489251,,,
6524,8.671452398,,,
6525,8.778778297,,,
6526,7.591206502,,,
6527,9.653995512,,,
6528,9.099660267,,,
6529,9.015932622,,,
6530,9.901196995,,,
6531,9.564219599,,,
6532,8.409843154,,,
6533,9.373209206,,,
6534,9.922820824,,,
6535,9.267957272,,,
6536,9.30340988,,,
6537,11.49959463,,,
6538,7.926341748,,,
6539,9.183509582,,,
6540,8.389816255,,,
6541,7.308444513,,,
6542,6.767802562,,,
6543,11.70452319,,,
6544,9.086119552,,,
6545,6.140818821,,,
6546,9.864902077,,,
6547,11.15859629,,,
6548,3.626977158,,,
6549,8.769254044,,,
6550,9.391043744,,,
6551,13.52819908,,,
6552,7.992304575,,,
6553,8.296100433,,,
6554,12.26536021,,,
6555,7.831192867,,,
6556,11.54921625,,,
6557,9.332026097,,,
6558,7.618674776,,,
6559,8.180231946,,,
6560,6.180228938,,,
6561,10.18455265,,,
6562,9.979333737,,,
6563,9.795867009,,,
6564,4.437071532,,,
6565,9.923109127,,,
6566,6.134164273,,,
6567,13.96592848,,,
6568,9.467027379,,,
6569,9.037270015,,,
6570,12.39327729,,,
6571,9.782887276,,,
6572,9.757414828,,,
6573,6.797135557,,,
6574,7.979659011,,,
6575,8.787758828,,,
6576,10.49323265,,,
6577,6.288324024,,,
6578,11.73349078,,,
6579,5.158341652,,,
6580,5.110213839,,,
6581,13.99968631,,,
6582,8.531286473,,,
6583,3.929421771,,,
6584,10.59446551,,,
6585,11.15662728,,,
6586,6.571148924,,,
6587,10.25765161,,,
6588,8.525404681,,,
6589,10.39764093,,,
6590,10.02555027,,,
6591,10.99266281,,,
6592,10.71410491,,,
6593,10.22740274,,,
6594,7.476164942,,,
6595,11.95643307,,,
6596,6.23457104,,,
6597,8.871867263,,,
6598,12.69825338,,,
6599,10.12524691,,,
6600,5.133145862,,,
6601,8.972405725,,,
6602,9.193774019,,,
6603,10.43673276,,,
6604,9.455024672,,,
6605,8.079428853,,,
6606,7.985963699,,,
6607,12.40394363,,,
6608,9.226945446,,,
6609,9.494002457,,,
6610,6.018587147,,,
6611,11.55164601,,,
6612,7.798023987,,,
6613,8.575966885,,,
6614,9.236707747,,,
6615,9.757034557,,,
6616,8.837322133,,,
6617,7.875480876,,,
6618,10.3772765,,,
6619,7.914801497,,,
6620,12.32248674,,,
6621,9.760769927,,,
6622,8.637165985,,,
6623,10.19249737,,,
6624,8.297245418,,,
6625,8.785759792,,,
6626,11.13954236,,,
6627,8.401700749,,,
6628,8.153676147,,,
6629,12.98990873,,,
6630,8.130859431,,,
6631,11.18050748,,,
6632,9.503617758,,,
6633,8.104429048,,,
6634,11.27147984,,,
6635,8.876923279,,,
6636,10.11717526,,,
6637,8.633107477,,,
6638,5.89926169,,,
6639,9.083357761,,,
6640,10.40279255,,,
6641,9.939891522,,,
6642,6.738535884,,,
6643,8.187716314,,,
6644,8.852361178,,,
6645,8.380679884,,,
6646,8.057041771,,,
6647,8.288483611,,,
6648,10.12339736,,,
6649,12.87986808,,,
6650,7.713824092,,,
6651,6.541908879,,,
6652,4.576501946,,,
6653,9.526197504,,,
6654,7.033176626,,,
6655,6.29498041,,,
6656,7.027029221,,,
6657,11.3817696,,,
6658,7.927831242,,,
6659,14.09555451,,,
6660,10.63331534,,,
6661,8.780342602,,,
6662,7.97213561,,,
6663,9.821814031,,,
6664,11.57617376,,,
6665,8.954676002,,,
6666,10.26576403,,,
6667,11.00790352,,,
6668,6.525172467,,,
6669,8.979253547,,,
6670,7.999985022,,,
6671,9.548716145,,,
6672,11.74326117,,,
6673,8.879469447,,,
6674,7.832919012,,,
6675,11.33375677,,,
6676,8.195951964,,,
6677,7.583035178,,,
6678,8.973720742,,,
6679,9.391716779,,,
6680,10.36050014,,,
6681,7.736165391,,,
6682,9.22058032,,,
6683,10.14744087,,,
6684,11.02955646,,,
6685,13.07011132,,,
6686,9.335081147,,,
6687,6.357806082,,,
6688,11.04124464,,,
6689,9.375592491,,,
6690,7.482265599,,,
6691,5.255998429,,,
6692,10.30007046,,,
6693,7.188919877,,,
6694,6.811570755,,,
6695,7.400620153,,,
6696,7.269133045,,,
6697,10.89878378,,,
6698,7.439930094,,,
6699,8.180766469,,,
6700,8.67410783,,,
6701,10.90715838,,,
6702,9.236396739,,,
6703,7.45016345,,,
6704,7.277120781,,,
6705,11.73895224,,,
6706,7.671235843,,,
6707,11.50575822,,,
6708,11.461313,,,
6709,8.026550829,,,
6710,10.87635653,,,
6711,9.720880374,,,
6712,7.276023283,,,
6713,9.757242102,,,
6714,8.098773449,,,
6715,14.94187548,,,
6716,10.7096658,,,
6717,10.0804476,,,
6718,11.56025401,,,
6719,10.47092611,,,
6720,7.478077745,,,
6721,6.6926248,,,
6722,6.643912571,,,
6723,10.88012972,,,
6724,8.96948009,,,
6725,8.815911203,,,
6726,9.145857972,,,
6727,6.852121744,,,
6728,9.446000072,,,
6729,12.32858899,,,
6730,10.93678692,,,
6731,11.20666484,,,
6732,11.23482321,,,
6733,5.163522068,,,
6734,11.68155248,,,
6735,8.037026954,,,
6736,10.14462086,,,
6737,10.28561936,,,
6738,10.10966137,,,
6739,8.222123965,,,
6740,9.150580169,,,
6741,12.26401047,,,
6742,8.120006342,,,
6743,10.19944023,,,
6744,8.412782973,,,
6745,14.33318393,,,
6746,9.001895986,,,
6747,6.257636928,,,
6748,10.49827074,,,
6749,9.259677682,,,
6750,13.68140168,,,
6751,8.441823272,,,
6752,10.42780504,,,
6753,10.06845747,,,
6754,8.684415708,,,
6755,9.389814097,,,
6756,9.284786163,,,
6757,6.571631974,,,
6758,7.620219508,,,
6759,8.288172545,,,
6760,8.331143896,,,
6761,9.313235549,,,
6762,9.855987359,,,
6763,12.80189571,,,
6764,8.60552898,,,
6765,7.82456869,,,
6766,10.81075961,,,
6767,9.299762096,,,
6768,10.83191224,,,
6769,8.773012745,,,
6770,8.634868345,,,
6771,8.087168903,,,
6772,5.214959467,,,
6773,10.86338543,,,
6774,8.719268517,,,
6775,8.580960273,,,
6776,8.631833988,,,
6777,11.98324842,,,
6778,9.93024684,,,
6779,11.37236674,,,
6780,5.361398688,,,
6781,10.09231926,,,
6782,9.011728293,,,
6783,8.427566745,,,
6784,6.464088625,,,
6785,9.979697089,,,
6786,10.02670988,,,
6787,8.135118628,,,
6788,10.0193817,,,
6789,10.91885609,,,
6790,5.723357323,,,
6791,13.60719536,,,
6792,10.54718935,,,
6793,9.57963486,,,
6794,8.182597233,,,
6795,9.944458863,,,
6796,16.7224565,,,
6797,9.292797058,,,
6798,6.452237795,,,
6799,8.911283243,,,
6800,5.780678972,,,
6801,9.945663765,,,
6802,9.619005671,,,
6803,11.0334116,,,
6804,9.285884308,,,
6805,8.205039833,,,
6806,12.60015319,,,
6807,5.735305056,,,
6808,7.437184702,,,
6809,7.128042926,,,
6810,9.214670592,,,
6811,9.108322673,,,
6812,10.93189732,,,
6813,11.061796,,,
6814,6.757634815,,,
6815,11.14510149,,,
6816,11.04029628,,,
6817,10.35065525,,,
6818,8.574644693,,,
6819,5.666574756,,,
6820,14.59840181,,,
6821,9.904057055,,,
6822,7.998158256,,,
6823,7.953024736,,,
6824,10.44049476,,,
6825,6.030858891,,,
6826,13.40138002,,,
6827,10.31116947,,,
6828,6.963253558,,,
6829,11.5719209,,,
6830,11.09227538,,,
6831,10.22170882,,,
6832,7.831188631,,,
6833,7.742863013,,,
6834,9.0027016,,,
6835,8.11044919,,,
6836,7.668579415,,,
6837,7.870037946,,,
6838,6.381648736,,,
6839,7.508547433,,,
6840,9.68453881,,,
6841,11.55085802,,,
6842,8.131880123,,,
6843,13.63622264,,,
6844,12.57999911,,,
6845,8.256003582,,,
6846,8.605779028,,,
6847,13.20887669,,,
6848,10.59528447,,,
6849,7.255354762,,,
6850,7.715251929,,,
6851,9.456432559,,,
6852,7.837108694,,,
6853,12.93543518,,,
6854,9.860074444,,,
6855,8.791796017,,,
6856,12.98026437,,,
6857,6.537966357,,,
6858,10.80244522,,,
6859,8.04607217,,,
6860,9.676860763,,,
6861,3.852551237,,,
6862,8.272437498,,,
6863,10.21511266,,,
6864,7.504444911,,,
6865,11.84443252,,,
6866,9.434194386,,,
6867,9.836334918,,,
6868,8.701545001,,,
6869,8.883258199,,,
6870,9.150287227,,,
6871,8.066968738,,,
6872,11.18209827,,,
6873,6.342781495,,,
6874,11.4550104,,,
6875,10.86900229,,,
6876,10.83295754,,,
6877,7.010969229,,,
6878,9.156383499,,,
6879,5.264521909,,,
6880,10.02855138,,,
6881,6.19264689,,,
6882,11.64870723,,,
6883,11.19998339,,,
6884,11.09759872,,,
6885,9.926209166,,,
6886,12.31349347,,,
6887,12.36378574,,,
6888,13.25539601,,,
6889,4.120522424,,,
6890,5.435776956,,,
6891,9.896080517,,,
6892,10.7524801,,,
6893,9.582146518,,,
6894,7.783704174,,,
6895,11.64458268,,,
6896,6.418162775,,,
6897,13.09104609,,,
6898,8.232050938,,,
6899,9.366402226,,,
6900,7.243169456,,,
6901,7.44180604,,,
6902,12.94555246,,,
6903,9.000036059,,,
6904,13.22939984,,,
6905,7.445806457,,,
6906,7.534623381,,,
6907,9.379491128,,,
6908,11.85346789,,,
6909,8.164263161,,,
6910,9.098358021,,,
6911,10.24100028,,,
6912,12.65134777,,,
6913,13.89166182,,,
6914,5.284076473,,,
6915,10.22542684,,,
6916,10.68993954,,,
6917,11.58352848,,,
6918,6.769511405,,,
6919,13.79570426,,,
6920,8.847447852,,,
6921,9.152753617,,,
6922,9.740160553,,,
6923,11.77273015,,,
6924,5.939021999,,,
6925,4.773685177,,,
6926,8.240186215,,,
6927,10.19358767,,,
6928,9.174716266,,,
6929,10.60768274,,,
6930,10.21797322,,,
6931,9.754569247,,,
6932,9.043511481,,,
6933,10.03709226,,,
6934,5.707767064,,,
6935,6.976851371,,,
6936,9.831016512,,,
6937,8.36826875,,,
6938,9.142390131,,,
6939,12.42651735,,,
6940,13.69605268,,,
6941,13.4502663,,,
6942,8.177628715,,,
6943,11.68829296,,,
6944,8.50369411,,,
6945,11.37669754,,,
6946,6.481012394,,,
6947,8.183030558,,,
6948,8.16664101,,,
6949,8.613993049,,,
6950,7.711664533,,,
6951,6.975236379,,,
6952,8.03708432,,,
6953,7.306993738,,,
6954,10.16336717,,,
6955,10.45825462,,,
6956,10.75743882,,,
6957,11.31274099,,,
6958,9.072988217,,,
6959,10.75911967,,,
6960,6.088923266,,,
6961,10.78903013,,,
6962,6.897651792,,,
6963,10.74738857,,,
6964,10.78398261,,,
6965,8.969279682,,,
6966,10.85710326,,,
6967,6.951316653,,,
6968,10.83014657,,,
6969,7.907209582,,,
6970,9.016901,,,
6971,8.907361874,,,
6972,11.48823182,,,
6973,9.486815722,,,
6974,9.898831338,,,
6975,12.45341121,,,
6976,11.28282476,,,
6977,10.27611077,,,
6978,10.6878444,,,
6979,7.98445893,,,
6980,9.657227314,,,
6981,9.613025974,,,
6982,13.38824025,,,
6983,9.169971011,,,
6984,7.898618393,,,
6985,5.880519779,,,
6986,11.48227916,,,
6987,8.732615027,,,
6988,9.768694081,,,
6989,12.21684839,,,
6990,10.52566525,,,
6991,3.587130906,,,
6992,8.946049569,,,
6993,10.22594236,,,
6994,8.649048683,,,
6995,6.119202174,,,
6996,8.645940353,,,
6997,8.36192648,,,
6998,9.800460042,,,
6999,6.581006086,,,
7000,7.317969996,,,
7001,13.39021846,,,
7002,7.867383375,,,
7003,11.41065921,,,
7004,7.876010951,,,
7005,7.278075288,,,
7006,8.719037351,,,
7007,7.952154435,,,
7008,12.231994,,,
7009,7.793705674,,,
7010,13.91886293,,,
7011,9.241089318,,,
7012,8.046014786,,,
7013,7.718758472,,,
7014,9.489930782,,,
7015,8.796056919,,,
7016,14.18352135,,,
7017,10.79560453,,,
7018,9.794659142,,,
7019,11.86760972,,,
7020,10.46495109,,,
7021,9.114527181,,,
7022,8.747432635,,,
7023,11.32549011,,,
7024,9.15430618,,,
7025,8.976763394,,,
7026,7.81691192,,,
7027,10.51009858,,,
7028,11.73689562,,,
7029,10.09262135,,,
7030,7.325291342,,,
7031,8.120694078,,,
7032,12.40581299,,,
7033,8.413835805,,,
7034,8.808951736,,,
7035,13.75387258,,,
7036,9.908120403,,,
7037,9.171571695,,,
7038,5.037079033,,,
7039,8.079536716,,,
7040,8.222482133,,,
7041,10.36790949,,,
7042,7.130442131,,,
7043,9.122718408,,,
7044,8.487843898,,,
7045,10.04936125,,,
7046,10.43821494,,,
7047,10.90726678,,,
7048,11.69470322,,,
7049,7.274977673,,,
7050,8.839212199,,,
7051,7.651024658,,,
7052,6.157834567,,,
7053,8.412638889,,,
7054,10.68372953,,,
7055,6.46963424,,,
7056,6.910879891,,,
7057,9.330424009,,,
7058,10.34857,,,
7059,7.706207939,,,
7060,5.87758587,,,
7061,9.902980776,,,
7062,13.66248292,,,
7063,7.967481012,,,
7064,6.594198411,,,
7065,11.51479693,,,
7066,9.640904742,,,
7067,7.834105191,,,
7068,9.504588605,,,
7069,7.471611965,,,
7070,9.420902692,,,
7071,6.217218096,,,
7072,10.84009746,,,
7073,8.082287681,,,
7074,5.276156314,,,
7075,9.727975517,,,
7076,5.316405238,,,
7077,11.00717035,,,
7078,8.347116499,,,
7079,8.863170823,,,
7080,5.886709992,,,
7081,12.07063567,,,
7082,9.076435663,,,
7083,4.759027961,,,
7084,7.761591493,,,
7085,9.624655795,,,
7086,9.027587253,,,
7087,8.793960379,,,
7088,9.016732691,,,
7089,9.334195866,,,
7090,9.899959008,,,
7091,7.986107615,,,
7092,9.404096208,,,
7093,7.974685072,,,
7094,10.94929657,,,
7095,11.91474365,,,
7096,9.666264615,,,
7097,11.07205794,,,
7098,10.55383228,,,
7099,4.980698332,,,
7100,9.803181518,,,
7101,10.40140948,,,
7102,8.775584297,,,
7103,10.91916712,,,
7104,9.350699714,,,
7105,6.470740791,,,
7106,8.968532601,,,
7107,11.71613279,,,
7108,6.173286538,,,
7109,7.48621487,,,
7110,12.77170145,,,
7111,9.020404288,,,
7112,7.265385029,,,
7113,10.69835602,,,
7114,9.328042667,,,
7115,12.79038844,,,
7116,12.53633516,,,
7117,7.870114358,,,
7118,9.940122667,,,
7119,9.472452828,,,
7120,12.77584823,,,
7121,7.740427868,,,
7122,10.66775206,,,
7123,10.86922747,,,
7124,8.736351241,,,
7125,7.19932461,,,
7126,8.320881351,,,
7127,8.942290788,,,
7128,12.47501157,,,
7129,9.227933942,,,
7130,7.56788795,,,
7131,12.12971037,,,
7132,10.07994219,,,
7133,7.68749707,,,
7134,8.014700238,,,
7135,11.96149199,,,
7136,7.395998545,,,
7137,9.970050203,,,
7138,4.096051228,,,
7139,9.398068768,,,
7140,8.315710108,,,
7141,9.246571733,,,
7142,11.06205696,,,
7143,10.89227597,,,
7144,10.36253052,,,
7145,8.516713727,,,
7146,8.886355205,,,
7147,10.12072932,,,
7148,10.683799,,,
7149,10.88800812,,,
7150,11.6419176,,,
7151,13.05733471,,,
7152,12.11360432,,,
7153,8.647015411,,,
7154,6.108662012,,,
7155,5.797627881,,,
7156,11.58393889,,,
7157,9.677146308,,,
7158,12.42089123,,,
7159,5.0560906,,,
7160,8.649554587,,,
7161,9.119538801,,,
7162,9.246465048,,,
7163,9.64871803,,,
7164,13.12929198,,,
7165,10.80226963,,,
7166,9.50460112,,,
7167,7.454542629,,,
7168,11.05467357,,,
7169,8.812440985,,,
7170,10.27771148,,,
7171,7.71230184,,,
7172,10.90748533,,,
7173,6.215104621,,,
7174,13.1980459,,,
7175,6.880895801,,,
7176,7.495596969,,,
7177,7.930543793,,,
7178,7.397238329,,,
7179,8.839652645,,,
7180,9.528677388,,,
7181,13.11426419,,,
7182,8.060409973,,,
7183,11.97555019,,,
7184,9.664174589,,,
7185,9.308449245,,,
7186,10.13118713,,,
7187,8.589298092,,,
7188,10.06758597,,,
7189,9.268752712,,,
7190,13.9475847,,,
7191,11.19363238,,,
7192,6.598412746,,,
7193,9.475293657,,,
7194,9.905333342,,,
7195,6.44477241,,,
7196,11.39320393,,,
7197,7.223147011,,,
7198,12.32700439,,,
7199,4.72846306,,,
7200,10.79282076,,,
7201,5.989437554,,,
7202,8.164329972,,,
7203,11.14824094,,,
7204,13.02640268,,,
7205,11.33267018,,,
7206,12.00152025,,,
7207,10.98160135,,,
7208,12.23461394,,,
7209,8.398240037,,,
7210,8.570755853,,,
7211,7.854764221,,,
7212,9.468123124,,,
7213,8.91082175,,,
7214,7.523960097,,,
7215,9.419748751,,,
7216,8.371773467,,,
7217,11.11599321,,,
7218,11.04011958,,,
7219,6.962176575,,,
7220,5.140452517,,,
7221,8.487206757,,,
7222,9.516444904,,,
7223,10.34380611,,,
7224,10.71211507,,,
7225,9.861790723,,,
7226,9.100380284,,,
7227,9.155198326,,,
7228,8.918743522,,,
7229,11.7137386,,,
7230,9.206660014,,,
7231,9.952180073,,,
7232,13.89146583,,,
7233,7.563148696,,,
7234,9.843036733,,,
7235,12.38676404,,,
7236,12.87314604,,,
7237,7.874161426,,,
7238,10.20412623,,,
7239,11.54198518,,,
7240,7.43943819,,,
7241,8.0196773,,,
7242,9.432094382,,,
7243,8.39251314,,,
7244,9.292521818,,,
7245,10.19809397,,,
7246,8.481651311,,,
7247,10.18433149,,,
7248,5.583384973,,,
7249,10.34676939,,,
7250,9.907658626,,,
7251,5.445970685,,,
7252,10.4034168,,,
7253,10.61662646,,,
7254,12.95665023,,,
7255,11.63987453,,,
7256,6.054775401,,,
7257,7.138612192,,,
7258,11.23635374,,,
7259,11.44722888,,,
7260,7.036635047,,,
7261,10.32716667,,,
7262,9.338116001,,,
7263,5.225686213,,,
7264,9.277802817,,,
7265,10.82744862,,,
7266,10.59490195,,,
7267,9.974987053,,,
7268,9.326658557,,,
7269,9.964857507,,,
7270,11.8964893,,,
7271,9.886093364,,,
7272,4.506030313,,,
7273,9.103774845,,,
7274,8.910866681,,,
7275,9.141003973,,,
7276,7.788394977,,,
7277,8.027134518,,,
7278,10.55218481,,,
7279,6.221622902,,,
7280,10.17901795,,,
7281,7.687767946,,,
7282,8.022908409,,,
7283,10.94579165,,,
7284,8.12509901,,,
7285,8.36282907,,,
7286,6.923353433,,,
7287,8.86038758,,,
7288,12.87500838,,,
7289,13.03413482,,,
7290,12.09861437,,,
7291,8.484858502,,,
7292,8.126806783,,,
7293,10.32750301,,,
7294,11.83965464,,,
7295,9.001647936,,,
7296,11.09309757,,,
7297,11.61757882,,,
7298,11.71757044,,,
7299,7.645458838,,,
7300,8.221134487,,,
7301,11.31481266,,,
7302,11.93556588,,,
7303,7.101140144,,,
7304,12.27757872,,,
7305,11.04584912,,,
7306,9.320367578,,,
7307,12.50986574,,,
7308,8.620874443,,,
7309,7.179591727,,,
7310,11.18076898,,,
7311,8.025561894,,,
7312,9.370028894,,,
7313,9.05206209,,,
7314,7.853975697,,,
7315,11.47973176,,,
7316,11.98446127,,,
7317,6.860835082,,,
7318,8.403985624,,,
7319,10.64026088,,,
7320,5.288163038,,,
7321,10.0676406,,,
7322,9.079979393,,,
7323,9.688210574,,,
7324,13.0433825,,,
7325,5.215277198,,,
7326,5.306114746,,,
7327,13.37698471,,,
7328,10.58637176,,,
7329,11.80117942,,,
7330,7.348398016,,,
7331,8.830313318,,,
7332,9.103011598,,,
7333,8.374395187,,,
7334,3.630171895,,,
7335,9.304898598,,,
7336,10.88780562,,,
7337,10.37526013,,,
7338,9.176942475,,,
7339,9.737396042,,,
7340,7.803658128,,,
7341,5.302400131,,,
7342,9.90966503,,,
7343,11.32969669,,,
7344,9.005861444,,,
7345,12.17989845,,,
7346,11.64654575,,,
7347,11.69957952,,,
7348,9.282314631,,,
7349,13.71394352,,,
7350,9.704280605,,,
7351,11.20578678,,,
7352,11.77893545,,,
7353,11.7942882,,,
7354,7.368808831,,,
7355,8.239330288,,,
7356,9.701861158,,,
7357,12.05149369,,,
7358,11.45489467,,,
7359,12.98210384,,,
7360,8.943437047,,,
7361,11.42183525,,,
7362,10.81128525,,,
7363,10.33108209,,,
7364,7.777945406,,,
7365,8.987311108,,,
7366,8.064593773,,,
7367,10.37263443,,,
7368,8.506386569,,,
7369,11.14374757,,,
7370,7.757944743,,,
7371,9.521575362,,,
7372,14.21098808,,,
7373,11.79192476,,,
7374,7.55350506,,,
7375,11.56747618,,,
7376,9.337892227,,,
7377,10.50370321,,,
7378,7.98808982,,,
7379,12.9761241,,,
7380,8.676679847,,,
7381,11.54766021,,,
7382,11.93503784,,,
7383,10.25023823,,,
7384,12.59738528,,,
7385,12.05528187,,,
7386,13.62535442,,,
7387,9.669207529,,,
7388,10.44268053,,,
7389,12.28160444,,,
7390,13.07744285,,,
7391,9.644940528,,,
7392,8.565458562,,,
7393,9.419960814,,,
7394,11.17358159,,,
7395,7.267115553,,,
7396,6.500293446,,,
7397,8.644958338,,,
7398,10.22399627,,,
7399,10.32212275,,,
7400,11.03498353,,,
7401,8.34637732,,,
7402,12.51718737,,,
7403,11.69401486,,,
7404,8.570754379,,,
7405,10.35319313,,,
7406,8.42221298,,,
7407,10.55436928,,,
7408,11.26021454,,,
7409,8.763648238,,,
7410,5.041380224,,,
7411,11.97501143,,,
7412,9.077148693,,,
7413,8.743904482,,,
7414,7.996364581,,,
7415,8.833625968,,,
7416,10.92358788,,,
7417,14.56729855,,,
7418,10.91762502,,,
7419,8.699015535,,,
7420,8.038826991,,,
7421,7.35709824,,,
7422,7.48238344,,,
7423,10.37064887,,,
7424,8.720284739,,,
7425,8.378042542,,,
7426,5.063567692,,,
7427,6.02780839,,,
7428,10.69569045,,,
7429,7.820651756,,,
7430,7.674801573,,,
7431,5.776074048,,,
7432,9.910458351,,,
7433,11.16541743,,,
7434,14.1279337,,,
7435,6.261054745,,,
7436,9.971200557,,,
7437,10.80686005,,,
7438,11.41138153,,,
7439,8.244535907,,,
7440,9.701592754,,,
7441,9.259804668,,,
7442,11.52978334,,,
7443,9.189930022,,,
7444,9.357105585,,,
7445,8.528693211,,,
7446,7.143542953,,,
7447,8.569409919,,,
7448,8.40952759,,,
7449,9.214588104,,,
7450,7.400195956,,,
7451,12.00214475,,,
7452,9.621339094,,,
7453,12.00303773,,,
7454,10.25359298,,,
7455,9.078091452,,,
7456,12.23087368,,,
7457,12.86661541,,,
7458,11.09945337,,,
7459,9.20166222,,,
7460,12.10008011,,,
7461,9.988918819,,,
7462,8.448924831,,,
7463,12.8753948,,,
7464,11.01528251,,,
7465,11.69215942,,,
7466,5.025169816,,,
7467,7.658550778,,,
7468,11.16560848,,,
7469,6.503387562,,,
7470,10.9132632,,,
7471,9.549473643,,,
7472,6.8724921,,,
7473,9.771594669,,,
7474,8.788623756,,,
7475,11.0423886,,,
7476,8.260422196,,,
7477,7.947777002,,,
7478,8.007101974,,,
7479,7.026221265,,,
7480,11.40007027,,,
7481,11.04496576,,,
7482,9.493163237,,,
7483,9.471723214,,,
7484,10.47386392,,,
7485,7.803507596,,,
7486,11.44877349,,,
7487,7.807125023,,,
7488,9.737095315,,,
7489,7.767586902,,,
7490,8.708105866,,,
7491,9.235503395,,,
7492,10.56145093,,,
7493,9.650439648,,,
7494,5.522408207,,,
7495,6.313299563,,,
7496,9.158447633,,,
7497,10.30930322,,,
7498,11.32853557,,,
7499,11.28926555,,,
7500,12.22111118,,,
7501,9.15069816,,,
7502,8.388706261,,,
7503,8.316133564,,,
7504,10.90902496,,,
7505,7.930361246,,,
7506,9.993533321,,,
7507,10.89077816,,,
7508,10.68992529,,,
7509,10.72881327,,,
7510,13.82839121,,,
7511,9.008405343,,,
7512,10.3352759,,,
7513,10.75124646,,,
7514,8.624912683,,,
7515,10.51404873,,,
7516,10.64686022,,,
7517,8.146462481,,,
7518,11.40692002,,,
7519,9.01181557,,,
7520,10.11897491,,,
7521,9.903805824,,,
7522,8.720406923,,,
7523,9.425687528,,,
7524,10.30206194,,,
7525,7.562217347,,,
7526,9.727875946,,,
7527,10.43453154,,,
7528,10.94614137,,,
7529,8.701817002,,,
7530,9.56220426,,,
7531,11.04614946,,,
7532,11.68569922,,,
7533,9.635002824,,,
7534,10.32828436,,,
7535,10.16818435,,,
7536,6.076236711,,,
7537,12.56800762,,,
7538,8.326676963,,,
7539,8.126359234,,,
7540,12.76140377,,,
7541,10.32803253,,,
7542,9.045683096,,,
7543,10.0071262,,,
7544,7.974885809,,,
7545,6.491757725,,,
7546,8.463836848,,,
7547,11.01278397,,,
7548,7.350752124,,,
7549,7.588108608,,,
7550,10.88080623,,,
7551,8.233007465,,,
7552,9.374767159,,,
7553,8.159753784,,,
7554,7.603010407,,,
7555,7.024968823,,,
7556,11.78821382,,,
7557,10.86830124,,,
7558,10.32627042,,,
7559,9.298492216,,,
7560,13.08431243,,,
7561,10.02502874,,,
7562,8.202080862,,,
7563,7.169318601,,,
7564,11.62579368,,,
7565,11.04563313,,,
7566,10.96707992,,,
7567,11.20727314,,,
7568,9.488193133,,,
7569,8.88238179,,,
7570,6.160595044,,,
7571,6.657449546,,,
7572,9.072683504,,,
7573,12.59010827,,,
7574,7.806184796,,,
7575,11.24106894,,,
7576,9.44971473,,,
7577,9.906241147,,,
7578,6.400619248,,,
7579,6.272029689,,,
7580,8.760967797,,,
7581,10.56750201,,,
7582,11.23547244,,,
7583,8.479496851,,,
7584,12.88311835,,,
7585,10.22445899,,,
7586,8.095786722,,,
7587,7.894241131,,,
7588,8.835662452,,,
7589,10.70145494,,,
7590,10.63313458,,,
7591,6.98280655,,,
7592,11.68204673,,,
7593,9.76468142,,,
7594,10.45623992,,,
7595,8.60754746,,,
7596,10.31660859,,,
7597,9.390415051,,,
7598,13.78496644,,,
7599,8.170689365,,,
7600,8.049820049,,,
7601,8.660349085,,,
7602,9.634052235,,,
7603,10.08376982,,,
7604,6.791756356,,,
7605,9.265149244,,,
7606,8.392866396,,,
7607,8.02248158,,,
7608,10.07192328,,,
7609,10.0911567,,,
7610,11.44947619,,,
7611,12.31893365,,,
7612,9.150403514,,,
7613,11.07327801,,,
7614,9.607312929,,,
7615,11.74628364,,,
7616,12.05184921,,,
7617,7.150543496,,,
7618,6.208907705,,,
7619,9.287096241,,,
7620,6.077853769,,,
7621,10.99877361,,,
7622,13.51950609,,,
7623,10.97695058,,,
7624,11.09434288,,,
7625,13.7363258,,,
7626,11.97404256,,,
7627,11.39310861,,,
7628,11.79656853,,,
7629,9.253840233,,,
7630,7.834764167,,,
7631,6.672776738,,,
7632,8.096262525,,,
7633,10.03265305,,,
7634,8.257863805,,,
7635,9.447169303,,,
7636,7.19182627,,,
7637,11.7742407,,,
7638,7.465366851,,,
7639,7.662891489,,,
7640,14.77196154,,,
7641,6.683090959,,,
7642,10.46375835,,,
7643,6.124199626,,,
7644,10.92703096,,,
7645,9.551878186,,,
7646,10.55172524,,,
7647,7.029358219,,,
7648,10.59452788,,,
7649,8.211788885,,,
7650,6.24301139,,,
7651,13.10872576,,,
7652,12.99763473,,,
7653,7.637250765,,,
7654,11.83149198,,,
7655,8.342522623,,,
7656,9.825386034,,,
7657,8.262729269,,,
7658,9.727992974,,,
7659,11.23122247,,,
7660,9.674827868,,,
7661,9.74776006,,,
7662,10.97433234,,,
7663,12.12748584,,,
7664,8.817036648,,,
7665,9.411707636,,,
7666,12.08531572,,,
7667,9.62388411,,,
7668,11.06526603,,,
7669,9.917201287,,,
7670,9.125640387,,,
7671,4.312328246,,,
7672,8.438776783,,,
7673,8.890202255,,,
7674,9.185046837,,,
7675,11.33478824,,,
7676,13.13092539,,,
7677,12.44711804,,,
7678,9.038460888,,,
7679,8.879238571,,,
7680,8.764271942,,,
7681,8.71149652,,,
7682,9.698804963,,,
7683,10.82913807,,,
7684,9.227963808,,,
7685,10.4344484,,,
7686,8.685748487,,,
7687,9.913580272,,,
7688,11.77077489,,,
7689,10.67465378,,,
7690,7.551921448,,,
7691,9.928218766,,,
7692,10.96862677,,,
7693,10.81610319,,,
7694,9.731462275,,,
7695,7.8799844,,,
7696,8.585300272,,,
7697,10.70084326,,,
7698,10.81797853,,,
7699,5.190987392,,,
7700,4.494580484,,,
7701,9.733754607,,,
7702,12.14224385,,,
7703,11.62307324,,,
7704,7.22010971,,,
7705,12.01567458,,,
7706,7.491940839,,,
7707,9.334723298,,,
7708,7.371275699,,,
7709,10.97914045,,,
7710,6.990933704,,,
7711,10.61117386,,,
7712,9.197493503,,,
7713,13.30366717,,,
7714,10.84870146,,,
7715,8.793022871,,,
7716,10.95206656,,,
7717,11.98188964,,,
7718,5.801204333,,,
7719,8.398293579,,,
7720,9.9830345,,,
7721,10.01774303,,,
7722,9.461156485,,,
7723,8.92223311,,,
7724,8.686606126,,,
7725,9.057141482,,,
7726,12.05206578,,,
7727,10.93457206,,,
7728,11.71700161,,,
7729,13.00160307,,,
7730,9.642487534,,,
7731,6.118226838,,,
7732,10.94656328,,,
7733,10.01665225,,,
7734,9.704434266,,,
7735,10.03961465,,,
7736,15.30015764,,,
7737,9.800118997,,,
7738,6.883012613,,,
7739,7.839882273,,,
7740,8.372108371,,,
7741,10.99437419,,,
7742,9.136206966,,,
7743,10.41394148,,,
7744,10.99122209,,,
7745,11.34433596,,,
7746,9.565866395,,,
7747,8.36853376,,,
7748,7.332669029,,,
7749,9.997386645,,,
7750,8.165999474,,,
7751,10.78862072,,,
7752,11.66317998,,,
7753,8.557218486,,,
7754,11.84877306,,,
7755,7.329348098,,,
7756,6.172243604,,,
7757,8.077691463,,,
7758,9.913317098,,,
7759,6.831174242,,,
7760,6.189387059,,,
7761,11.77924965,,,
7762,13.07305332,,,
7763,8.687389595,,,
7764,13.11614858,,,
7765,9.301971944,,,
7766,7.535944228,,,
7767,7.862085686,,,
7768,9.740821883,,,
7769,7.970766715,,,
7770,14.26426421,,,
7771,12.83400537,,,
7772,10.85584617,,,
7773,6.43603169,,,
7774,5.98856758,,,
7775,7.431643368,,,
7776,11.30822987,,,
7777,8.618371891,,,
7778,13.58142677,,,
7779,9.334079894,,,
7780,9.569613445,,,
7781,11.32892581,,,
7782,8.813591461,,,
7783,8.749167742,,,
7784,13.23897095,,,
7785,8.907160354,,,
7786,11.60858767,,,
7787,10.80815114,,,
7788,7.621135193,,,
7789,8.128312957,,,
7790,7.025543004,,,
7791,9.523158289,,,
7792,8.217476536,,,
7793,9.27328,,,
7794,10.1825573,,,
7795,11.21428254,,,
7796,12.06747285,,,
7797,12.04340784,,,
7798,9.15294278,,,
7799,10.33009609,,,
7800,7.84597637,,,
7801,8.600268419,,,
7802,11.84896815,,,
7803,10.3757599,,,
7804,12.89256111,,,
7805,8.419494726,,,
7806,8.682812309,,,
7807,6.235900885,,,
7808,9.460355847,,,
7809,6.000868065,,,
7810,8.905305634,,,
7811,8.449002832,,,
7812,9.02252852,,,
7813,8.413209246,,,
7814,11.14121539,,,
7815,7.318087749,,,
7816,7.905809309,,,
7817,9.931273834,,,
7818,8.940627183,,,
7819,9.851025657,,,
7820,10.35924503,,,
7821,9.601317918,,,
7822,9.388194485,,,
7823,9.331224963,,,
7824,6.58558124,,,
7825,6.239547361,,,
7826,7.121265652,,,
7827,7.081594223,,,
7828,6.295305802,,,
7829,8.499699554,,,
7830,7.185357588,,,
7831,7.579422837,,,
7832,9.223481075,,,
7833,5.48640322,,,
7834,7.824104834,,,
7835,10.52367596,,,
7836,11.66524896,,,
7837,10.6689614,,,
7838,10.87330228,,,
7839,7.02985952,,,
7840,9.425262336,,,
7841,8.462148602,,,
7842,11.61518168,,,
7843,11.19493077,,,
7844,7.929154617,,,
7845,10.08585442,,,
7846,8.608001188,,,
7847,8.150993421,,,
7848,8.399731428,,,
7849,8.241046806,,,
7850,7.715313198,,,
7851,11.94997384,,,
7852,2.614021581,,,
7853,7.577499465,,,
7854,8.590997381,,,
7855,7.936276927,,,
7856,13.58383734,,,
7857,10.72547069,,,
7858,9.317252666,,,
7859,9.64784428,,,
7860,7.730008151,,,
7861,12.39821795,,,
7862,9.506787686,,,
7863,8.221305049,,,
7864,11.90965163,,,
7865,9.583045781,,,
7866,10.11796596,,,
7867,6.038949098,,,
7868,5.561380909,,,
7869,7.189108595,,,
7870,11.83058255,,,
7871,11.93002874,,,
7872,12.81238444,,,
7873,9.677642463,,,
7874,7.423189508,,,
7875,9.283578431,,,
7876,7.163040545,,,
7877,8.254694861,,,
7878,8.991646801,,,
7879,9.299716606,,,
7880,8.292958921,,,
7881,7.766892668,,,
7882,12.18869366,,,
7883,12.24764973,,,
7884,9.997292009,,,
7885,9.038818798,,,
7886,7.629796187,,,
7887,7.557054886,,,
7888,8.122406226,,,
7889,14.36575731,,,
7890,6.169609587,,,
7891,9.588118766,,,
7892,8.350519368,,,
7893,7.38566424,,,
7894,7.597329075,,,
7895,12.89672625,,,
7896,13.86158253,,,
7897,8.177823424,,,
7898,8.261662936,,,
7899,8.365682127,,,
7900,13.8947623,,,
7901,11.79928898,,,
7902,9.5599867,,,
7903,8.47815081,,,
7904,6.937175675,,,
7905,9.493848401,,,
7906,8.453696151,,,
7907,7.110768305,,,
7908,11.44385116,,,
7909,10.82138881,,,
7910,9.879920723,,,
7911,7.301884444,,,
7912,6.61150383,,,
7913,6.103504521,,,
7914,9.500226297,,,
7915,9.676914744,,,
7916,10.49701915,,,
7917,9.382233742,,,
7918,5.368989078,,,
7919,5.798006448,,,
7920,9.272762159,,,
7921,8.251969317,,,
7922,9.36585149,,,
7923,10.65476932,,,
7924,10.55586025,,,
7925,9.543343957,,,
7926,14.34388739,,,
7927,10.35746042,,,
7928,11.1091343,,,
7929,8.096626068,,,
7930,5.948852878,,,
7931,9.426781204,,,
7932,7.251120547,,,
7933,8.540397754,,,
7934,9.627285971,,,
7935,11.91392562,,,
7936,11.96732603,,,
7937,11.9931777,,,
7938,7.237358306,,,
7939,6.688664981,,,
7940,8.094017984,,,
7941,10.35299706,,,
7942,8.158931366,,,
7943,10.99359554,,,
7944,13.99361433,,,
7945,10.27740636,,,
7946,10.98031067,,,
7947,8.635383202,,,
7948,8.393466625,,,
7949,9.536718939,,,
7950,7.750537506,,,
7951,11.02749264,,,
7952,8.805771174,,,
7953,10.83338955,,,
7954,13.47775484,,,
7955,9.894852727,,,
7956,7.807358192,,,
7957,7.777799914,,,
7958,7.666673918,,,
7959,7.682123055,,,
7960,11.97686318,,,
7961,11.38007591,,,
7962,13.18661694,,,
7963,11.25246358,,,
7964,10.61531013,,,
7965,10.06388078,,,
7966,10.19971882,,,
7967,7.123253339,,,
7968,4.626453602,,,
7969,9.465360284,,,
7970,12.04767957,,,
7971,7.771410835,,,
7972,9.680740408,,,
7973,9.46261209,,,
7974,11.1894898,,,
7975,7.474782299,,,
7976,6.887312118,,,
7977,6.433587084,,,
7978,12.63912033,,,
7979,11.93331135,,,
7980,11.45322738,,,
7981,12.04227172,,,
7982,5.446070159,,,
7983,11.76687891,,,
7984,8.212076709,,,
7985,8.739613037,,,
7986,8.003759162,,,
7987,13.62522555,,,
7988,9.171260031,,,
7989,11.48169965,,,
7990,7.984720261,,,
7991,8.400318166,,,
7992,7.524377133,,,
7993,8.425834813,,,
7994,10.74571848,,,
7995,9.338912374,,,
7996,10.20334637,,,
7997,12.2298541,,,
7998,10.28781496,,,
7999,9.079074587,,,
8000,7.253145217,,,
8001,11.58627444,,,
8002,7.706083945,,,
8003,11.1551844,,,
8004,12.16033981,,,
8005,11.13839959,,,
8006,7.74540068,,,
8007,9.634914553,,,
8008,9.436936257,,,
8009,9.819348181,,,
8010,6.189627368,,,
8011,9.293244065,,,
8012,11.49676172,,,
8013,8.799349406,,,
8014,9.16394539,,,
8015,8.874656046,,,
8016,10.69126262,,,
8017,8.905271359,,,
8018,9.674995575,,,
8019,12.1715544,,,
8020,9.126765555,,,
8021,12.57294445,,,
8022,12.36787342,,,
8023,10.64379026,,,
8024,7.57674851,,,
8025,11.28197239,,,
8026,9.240870758,,,
8027,10.14944745,,,
8028,10.57811034,,,
8029,13.59548087,,,
8030,9.045844884,,,
8031,10.59108873,,,
8032,8.9579012,,,
8033,8.762916808,,,
8034,7.305630313,,,
8035,9.016052891,,,
8036,7.607448822,,,
8037,9.286275692,,,
8038,10.40590165,,,
8039,9.517302309,,,
8040,9.685336187,,,
8041,11.19415856,,,
8042,6.369514573,,,
8043,9.426592809,,,
8044,9.935730946,,,
8045,9.984307607,,,
8046,9.523683249,,,
8047,8.009575974,,,
8048,7.759206393,,,
8049,10.33031992,,,
8050,7.726887278,,,
8051,13.65550834,,,
8052,10.64927653,,,
8053,10.60090381,,,
8054,7.921478374,,,
8055,8.947563016,,,
8056,9.434173901,,,
8057,12.43194865,,,
8058,6.859331191,,,
8059,12.52140009,,,
8060,11.12925833,,,
8061,9.078597517,,,
8062,10.02743673,,,
8063,9.297059336,,,
8064,5.244818544,,,
8065,13.26296033,,,
8066,14.34473447,,,
8067,6.88857553,,,
8068,9.101283519,,,
8069,10.92183783,,,
8070,10.58469038,,,
8071,12.23884755,,,
8072,9.807410881,,,
8073,10.14289686,,,
8074,8.789244232,,,
8075,11.53334074,,,
8076,7.902652046,,,
8077,7.85621679,,,
8078,10.43176445,,,
8079,10.1344347,,,
8080,8.014454187,,,
8081,6.507848,,,
8082,8.004936185,,,
8083,9.672839782,,,
8084,11.46162256,,,
8085,8.772468863,,,
8086,12.39664713,,,
8087,9.62394521,,,
8088,10.75505647,,,
8089,10.93162581,,,
8090,10.11235687,,,
8091,11.22408972,,,
8092,7.336528443,,,
8093,8.561625645,,,
8094,16.42529476,,,
8095,3.683314965,,,
8096,9.511375087,,,
8097,11.12265349,,,
8098,9.936753189,,,
8099,9.32869049,,,
8100,8.203832048,,,
8101,9.092181008,,,
8102,7.611491545,,,
8103,8.130737007,,,
8104,8.121412237,,,
8105,12.20302595,,,
8106,11.00458589,,,
8107,12.00947172,,,
8108,9.294336628,,,
8109,9.71210635,,,
8110,8.577420493,,,
8111,13.21955381,,,
8112,9.940926228,,,
8113,4.686297225,,,
8114,8.741850307,,,
8115,9.170093239,,,
8116,7.192952607,,,
8117,11.08641351,,,
8118,8.396355572,,,
8119,11.88756445,,,
8120,10.24183702,,,
8121,10.9310384,,,
8122,14.13056354,,,
8123,8.786389674,,,
8124,7.698575099,,,
8125,9.692352772,,,
8126,9.48412024,,,
8127,11.35197932,,,
8128,8.442964733,,,
8129,9.510218089,,,
8130,8.467013784,,,
8131,5.933199107,,,
8132,7.228205868,,,
8133,8.151299684,,,
8134,9.21805588,,,
8135,14.2022847,,,
8136,8.129476213,,,
8137,12.99725321,,,
8138,10.99510282,,,
8139,9.765098631,,,
8140,6.903460195,,,
8141,9.546454343,,,
8142,7.331509772,,,
8143,9.618982403,,,
8144,9.793468576,,,
8145,6.56907773,,,
8146,10.93811638,,,
8147,11.88925243,,,
8148,13.02761848,,,
8149,8.637272339,,,
8150,11.83296907,,,
8151,8.414074101,,,
8152,9.551373843,,,
8153,5.200928778,,,
8154,11.41338592,,,
8155,8.511173319,,,
8156,8.067793876,,,
8157,9.186702275,,,
8158,12.23799163,,,
8159,7.079133927,,,
8160,10.1000074,,,
8161,11.46164505,,,
8162,10.29670912,,,
8163,9.415010394,,,
8164,9.006200466,,,
8165,10.93075136,,,
8166,11.18980491,,,
8167,9.358680875,,,
8168,9.431469942,,,
8169,11.17530795,,,
8170,9.865842096,,,
8171,9.339497985,,,
8172,9.216715089,,,
8173,5.996887117,,,
8174,9.39562777,,,
8175,8.950133748,,,
8176,10.40476503,,,
8177,9.264725894,,,
8178,10.22606107,,,
8179,9.294398225,,,
8180,9.335004615,,,
8181,12.45287314,,,
8182,10.27059569,,,
8183,8.730877624,,,
8184,8.426600865,,,
8185,11.54360909,,,
8186,8.820480387,,,
8187,12.30017688,,,
8188,8.887364079,,,
8189,7.867646611,,,
8190,14.11563374,,,
8191,7.575863971,,,
8192,10.19269137,,,
8193,6.070715597,,,
8194,7.94683366,,,
8195,9.409631106,,,
8196,12.1796111,,,
8197,5.83085397,,,
8198,7.788583779,,,
8199,9.956368932,,,
8200,8.107957625,,,
8201,8.171799127,,,
8202,10.83208633,,,
8203,9.233060638,,,
8204,12.10369017,,,
8205,11.20717039,,,
8206,8.836530557,,,
8207,11.07825343,,,
8208,9.580549307,,,
8209,7.489937069,,,
8210,8.714848683,,,
8211,8.359964866,,,
8212,9.367166502,,,
8213,9.780237618,,,
8214,12.19444255,,,
8215,10.66454542,,,
8216,10.30360125,,,
8217,8.440633559,,,
8218,9.498558505,,,
8219,7.544250706,,,
8220,7.926075084,,,
8221,4.449147806,,,
8222,6.743025011,,,
8223,8.929561414,,,
8224,10.96829473,,,
8225,8.828830724,,,
8226,7.092859604,,,
8227,11.00239518,,,
8228,11.33254357,,,
8229,11.96385636,,,
8230,10.17915314,,,
8231,4.347106321,,,
8232,8.801687002,,,
8233,10.46648371,,,
8234,10.93638117,,,
8235,9.749569274,,,
8236,9.939087286,,,
8237,7.492445442,,,
8238,6.40436444,,,
8239,9.188486427,,,
8240,10.57185814,,,
8241,9.292757117,,,
8242,11.47125923,,,
8243,10.84527176,,,
8244,7.710980641,,,
8245,13.96193731,,,
8246,10.40720618,,,
8247,7.617245276,,,
8248,11.35296831,,,
8249,10.45231979,,,
8250,10.71519717,,,
8251,10.30396023,,,
8252,7.26579053,,,
8253,9.832492318,,,
8254,10.64768197,,,
8255,8.032482593,,,
8256,10.78647527,,,
8257,9.641713696,,,
8258,10.62170009,,,
8259,13.9180205,,,
8260,8.324462064,,,
8261,10.9707432,,,
8262,8.083988751,,,
8263,10.4509173,,,
8264,9.192367684,,,
8265,7.423944326,,,
8266,8.645940539,,,
8267,9.924062258,,,
8268,7.393193187,,,
8269,8.930576542,,,
8270,10.1240224,,,
8271,11.81702597,,,
8272,5.074368095,,,
8273,10.71742855,,,
8274,11.24393958,,,
8275,7.791255615,,,
8276,8.726927503,,,
8277,11.58248659,,,
8278,7.572397064,,,
8279,10.46104271,,,
8280,10.95047062,,,
8281,12.76545353,,,
8282,7.69139992,,,
8283,9.559479084,,,
8284,10.90296008,,,
8285,9.590368026,,,
8286,9.938784784,,,
8287,8.00625786,,,
8288,9.570528691,,,
8289,8.89606931,,,
8290,9.403189304,,,
8291,11.88936801,,,
8292,10.68087113,,,
8293,8.298057641,,,
8294,7.859728931,,,
8295,9.92244647,,,
8296,11.31766028,,,
8297,8.676425159,,,
8298,11.68718363,,,
8299,9.679058444,,,
8300,9.665913326,,,
8301,7.211428954,,,
8302,8.682043759,,,
8303,9.689244165,,,
8304,10.54666586,,,
8305,7.574744164,,,
8306,9.443922753,,,
8307,8.963243139,,,
8308,7.730563293,,,
8309,10.28801845,,,
8310,9.835002351,,,
8311,12.21653418,,,
8312,10.32351503,,,
8313,10.29466752,,,
8314,8.770618525,,,
8315,9.51759532,,,
8316,7.107788938,,,
8317,9.550380842,,,
8318,8.95496161,,,
8319,10.29022334,,,
8320,9.941468047,,,
8321,8.351639705,,,
8322,11.79747013,,,
8323,8.935502036,,,
8324,9.17616995,,,
8325,8.368016688,,,
8326,10.00762178,,,
8327,8.399904263,,,
8328,7.994458053,,,
8329,11.43749079,,,
8330,8.269761658,,,
8331,11.46121561,,,
8332,10.8820892,,,
8333,9.395967811,,,
8334,12.17711469,,,
8335,7.985434123,,,
8336,11.50672659,,,
8337,5.457329271,,,
8338,8.894850441,,,
8339,6.294821535,,,
8340,8.50672724,,,
8341,11.12866709,,,
8342,7.258876058,,,
8343,9.276847599,,,
8344,6.842060055,,,
8345,10.30398307,,,
8346,10.33992479,,,
8347,8.97728944,,,
8348,9.86010487,,,
8349,10.87247867,,,
8350,9.553341955,,,
8351,9.416917024,,,
8352,10.6514079,,,
8353,8.523054581,,,
8354,9.743146841,,,
8355,7.62325931,,,
8356,10.64297994,,,
8357,10.23483846,,,
8358,8.737064855,,,
8359,10.54437274,,,
8360,11.29150583,,,
8361,13.09213572,,,
8362,10.6985705,,,
8363,9.833147155,,,
8364,8.729630797,,,
8365,9.708112049,,,
8366,10.62724815,,,
8367,10.91561337,,,
8368,7.672552575,,,
8369,8.352762172,,,
8370,9.316321684,,,
8371,9.396613797,,,
8372,9.200076542,,,
8373,9.879808286,,,
8374,9.200872497,,,
8375,8.545277312,,,
8376,4.896108718,,,
8377,8.755584038,,,
8378,10.29144406,,,
8379,11.00902019,,,
8380,8.224926576,,,
8381,8.948754522,,,
8382,6.731067611,,,
8383,6.558503337,,,
8384,7.08887504,,,
8385,6.717762738,,,
8386,11.00490407,,,
8387,9.61580644,,,
8388,9.60363315,,,
8389,7.817473668,,,
8390,5.901337858,,,
8391,7.218425893,,,
8392,10.89003165,,,
8393,7.191322874,,,
8394,7.564488053,,,
8395,10.30582145,,,
8396,6.878214473,,,
8397,9.369856965,,,
8398,10.87853122,,,
8399,6.867494434,,,
8400,8.061453049,,,
8401,6.241237569,,,
8402,11.12957084,,,
8403,6.963679633,,,
8404,8.862194073,,,
8405,9.912289795,,,
8406,11.94830409,,,
8407,8.749997479,,,
8408,12.10027206,,,
8409,10.93603614,,,
8410,7.648225291,,,
8411,9.421636342,,,
8412,7.952514503,,,
8413,11.00474162,,,
8414,13.27014432,,,
8415,13.17829505,,,
8416,10.35933124,,,
8417,12.71003398,,,
8418,9.624289693,,,
8419,7.498452929,,,
8420,8.383377646,,,
8421,6.438603743,,,
8422,6.221337565,,,
8423,2.921583494,,,
8424,7.170597159,,,
8425,5.972419266,,,
8426,11.21627715,,,
8427,6.074968725,,,
8428,5.147578733,,,
8429,11.59689916,,,
8430,7.187978486,,,
8431,10.0475545,,,
8432,12.23618002,,,
8433,9.14130597,,,
8434,13.53342008,,,
8435,9.05034444,,,
8436,8.265582892,,,
8437,7.991252355,,,
8438,5.739118634,,,
8439,10.92754775,,,
8440,11.04753454,,,
8441,12.6842594,,,
8442,7.234081111,,,
8443,13.19454529,,,
8444,5.752965166,,,
8445,8.808197392,,,
8446,7.227784674,,,
8447,10.7308747,,,
8448,10.9778343,,,
8449,11.12319521,,,
8450,11.98630867,,,
8451,9.795831148,,,
8452,11.56692058,,,
8453,11.23425959,,,
8454,7.589481333,,,
8455,10.80228245,,,
8456,12.39134708,,,
8457,6.924605551,,,
8458,11.08814868,,,
8459,9.474269155,,,
8460,9.379376751,,,
8461,9.680008987,,,
8462,8.183824588,,,
8463,10.63307091,,,
8464,10.16518956,,,
8465,11.62260238,,,
8466,10.42335902,,,
8467,6.371729647,,,
8468,9.576108351,,,
8469,8.254090877,,,
8470,10.37019011,,,
8471,13.80031173,,,
8472,7.259508745,,,
8473,12.02423609,,,
8474,7.879360258,,,
8475,9.049427461,,,
8476,15.88966752,,,
8477,5.740009347,,,
8478,7.145418972,,,
8479,8.105016656,,,
8480,8.26547752,,,
8481,11.50211506,,,
8482,9.662607334,,,
8483,11.05029779,,,
8484,9.892853755,,,
8485,11.1388882,,,
8486,10.19033816,,,
8487,9.707983104,,,
8488,10.49752349,,,
8489,8.675626928,,,
8490,9.029931327,,,
8491,11.54140526,,,
8492,5.952348093,,,
8493,9.275287771,,,
8494,9.155318947,,,
8495,10.73347386,,,
8496,8.083047172,,,
8497,8.595986797,,,
8498,12.78542288,,,
8499,8.252685874,,,
8500,11.86396629,,,
8501,7.154936803,,,
8502,9.348287772,,,
8503,10.28828201,,,
8504,10.6454243,,,
8505,7.069065376,,,
8506,10.94214505,,,
8507,7.8522467,,,
8508,10.59423615,,,
8509,7.378074173,,,
8510,8.910033487,,,
8511,10.16954366,,,
8512,14.8620783,,,
8513,7.425686526,,,
8514,8.362116077,,,
8515,10.12484862,,,
8516,8.637569704,,,
8517,7.811590507,,,
8518,12.98271125,,,
8519,10.53763858,,,
8520,10.11491117,,,
8521,7.65822215,,,
8522,13.22117593,,,
8523,8.993340711,,,
8524,9.555650312,,,
8525,7.20953232,,,
8526,9.829298533,,,
8527,14.28589707,,,
8528,10.0554597,,,
8529,7.089674511,,,
8530,5.958767027,,,
8531,8.952096244,,,
8532,9.616588682,,,
8533,9.431055188,,,
8534,10.96341465,,,
8535,6.526434322,,,
8536,7.420520403,,,
8537,9.938501834,,,
8538,13.31509472,,,
8539,8.834739417,,,
8540,9.723945474,,,
8541,6.531481531,,,
8542,9.271181419,,,
8543,11.52704427,,,
8544,10.2774279,,,
8545,7.953982395,,,
8546,11.86317887,,,
8547,8.918166342,,,
8548,9.614742415,,,
8549,11.31209927,,,
8550,6.956392823,,,
8551,9.921343894,,,
8552,5.285715168,,,
8553,9.618659568,,,
8554,10.33138583,,,
8555,7.812920761,,,
8556,11.59024393,,,
8557,9.855667667,,,
8558,8.302456448,,,
8559,12.12710371,,,
8560,9.779195477,,,
8561,12.35056829,,,
8562,11.921918,,,
8563,9.429738833,,,
8564,12.3696751,,,
8565,8.340663225,,,
8566,9.440919579,,,
8567,7.874221379,,,
8568,11.72917247,,,
8569,6.973152822,,,
8570,14.70224586,,,
8571,6.890459206,,,
8572,9.684857591,,,
8573,11.36830293,,,
8574,9.164110103,,,
8575,10.14143126,,,
8576,7.920067278,,,
8577,12.09890577,,,
8578,11.40063872,,,
8579,10.3892464,,,
8580,8.437556725,,,
8581,7.172460663,,,
8582,9.874673159,,,
8583,9.843844219,,,
8584,11.31685249,,,
8585,13.00943234,,,
8586,8.567119447,,,
8587,9.140323806,,,
8588,10.34179534,,,
8589,7.613123315,,,
8590,8.389300373,,,
8591,9.000562194,,,
8592,9.547913329,,,
8593,11.93214889,,,
8594,9.465892574,,,
8595,9.118164018,,,
8596,8.991918741,,,
8597,10.15686734,,,
8598,9.360325125,,,
8599,8.422851066,,,
8600,9.958405526,,,
8601,11.40280626,,,
8602,9.260469768,,,
8603,8.238245243,,,
8604,10.41561334,,,
8605,12.59452389,,,
8606,8.666552541,,,
8607,11.54894754,,,
8608,11.55649083,,,
8609,13.09439847,,,
8610,12.38005823,,,
8611,14.13437552,,,
8612,8.006395131,,,
8613,9.772054955,,,
8614,12.63090263,,,
8615,12.75518511,,,
8616,8.600339345,,,
8617,9.981143264,,,
8618,11.3762492,,,
8619,9.145378382,,,
8620,14.50790702,,,
8621,8.973071086,,,
8622,10.97864257,,,
8623,10.53633771,,,
8624,8.1505435,,,
8625,9.532825685,,,
8626,10.19954755,,,
8627,9.921437514,,,
8628,10.96827483,,,
8629,7.716917725,,,
8630,6.269398526,,,
8631,10.1551026,,,
8632,4.488905017,,,
8633,10.09885723,,,
8634,10.30912373,,,
8635,7.160465774,,,
8636,4.087314306,,,
8637,13.1514076,,,
8638,9.425368543,,,
8639,12.27601581,,,
8640,9.073842215,,,
8641,7.488080734,,,
8642,9.813392974,,,
8643,8.586439388,,,
8644,10.66219672,,,
8645,6.585023176,,,
8646,6.45472048,,,
8647,10.2529631,,,
8648,10.01949382,,,
8649,11.53821588,,,
8650,9.099493457,,,
8651,7.808769234,,,
8652,10.76005592,,,
8653,11.40064652,,,
8654,8.508065066,,,
8655,10.18965758,,,
8656,8.174735231,,,
8657,11.45014823,,,
8658,11.65099036,,,
8659,13.19374081,,,
8660,9.591729749,,,
8661,13.64615728,,,
8662,11.09006702,,,
8663,5.671686842,,,
8664,7.569078904,,,
8665,11.2576701,,,
8666,6.91865654,,,
8667,9.081559806,,,
8668,9.985065412,,,
8669,10.90198407,,,
8670,11.38426996,,,
8671,9.027092225,,,
8672,8.935386199,,,
8673,10.25130003,,,
8674,11.89470962,,,
8675,9.401762048,,,
8676,4.835742626,,,
8677,11.62514833,,,
8678,5.949840688,,,
8679,13.44318861,,,
8680,8.240729376,,,
8681,13.05373474,,,
8682,10.35200336,,,
8683,8.862316049,,,
8684,12.39879995,,,
8685,13.47618048,,,
8686,8.011221114,,,
8687,9.620761493,,,
8688,13.03807945,,,
8689,9.65370725,,,
8690,9.474731348,,,
8691,6.654112029,,,
8692,12.47881274,,,
8693,8.728589052,,,
8694,7.841469775,,,
8695,11.92208188,,,
8696,7.861815205,,,
8697,5.950162111,,,
8698,3.976512739,,,
8699,10.8283014,,,
8700,7.50685957,,,
8701,8.762772958,,,
8702,6.784962807,,,
8703,8.303306722,,,
8704,9.236711164,,,
8705,9.621337322,,,
8706,9.772207201,,,
8707,8.897065931,,,
8708,5.594073521,,,
8709,10.09324827,,,
8710,10.6776488,,,
8711,7.111752306,,,
8712,11.05138685,,,
8713,10.64699585,,,
8714,8.931605518,,,
8715,6.22798412,,,
8716,12.16111382,,,
8717,7.297931901,,,
8718,9.91555792,,,
8719,8.985392819,,,
8720,8.667583799,,,
8721,11.31366573,,,
8722,10.82366376,,,
8723,11.50351408,,,
8724,9.054146804,,,
8725,8.109413058,,,
8726,5.958924905,,,
8727,8.233771905,,,
8728,8.269723961,,,
8729,8.310712417,,,
8730,11.53149016,,,
8731,13.0805683,,,
8732,7.156675162,,,
8733,8.867290768,,,
8734,8.192208836,,,
8735,5.6948894,,,
8736,9.422443113,,,
8737,6.887962211,,,
8738,8.831817203,,,
8739,11.01316649,,,
8740,7.403421562,,,
8741,9.585174659,,,
8742,10.71271683,,,
8743,10.37662519,,,
8744,9.469432703,,,
8745,9.611643082,,,
8746,9.533327971,,,
8747,8.454151316,,,
8748,9.779340842,,,
8749,8.051522991,,,
8750,13.06999962,,,
8751,11.51144528,,,
8752,8.815494004,,,
8753,8.494891078,,,
8754,10.69326595,,,
8755,6.824090622,,,
8756,8.825830384,,,
8757,8.807644118,,,
8758,11.75786721,,,
8759,13.81822242,,,
8760,10.53918403,,,
8761,7.533132474,,,
8762,10.86481845,,,
8763,8.431891174,,,
8764,13.41988572,,,
8765,8.681045308,,,
8766,9.595369351,,,
8767,13.0730978,,,
8768,9.174727542,,,
8769,11.53720778,,,
8770,6.444548862,,,
8771,10.80967917,,,
8772,8.790347984,,,
8773,10.13725542,,,
8774,8.10663051,,,
8775,7.18964444,,,
8776,10.70350635,,,
8777,15.18401846,,,
8778,7.036492907,,,
8779,12.60261913,,,
8780,8.867366376,,,
8781,9.083713046,,,
8782,8.185052379,,,
8783,8.951902743,,,
8784,10.03923579,,,
8785,11.39041478,,,
8786,10.34441072,,,
8787,8.498310405,,,
8788,11.14465521,,,
8789,10.63667348,,,
8790,12.89673203,,,
8791,9.984127604,,,
8792,8.304528909,,,
8793,6.96992972,,,
8794,13.26863085,,,
8795,7.505688771,,,
8796,8.712589898,,,
8797,11.20034153,,,
8798,9.693032104,,,
8799,11.30819664,,,
8800,11.01225153,,,
8801,8.402464673,,,
8802,7.834852486,,,
8803,12.51741279,,,
8804,7.445649379,,,
8805,6.998447392,,,
8806,9.14858044,,,
8807,8.122291688,,,
8808,7.612854189,,,
8809,9.073255404,,,
8810,5.096595577,,,
8811,9.466869815,,,
8812,5.492524351,,,
8813,6.532356597,,,
8814,7.322262563,,,
8815,11.22369222,,,
8816,7.425917022,,,
8817,10.32459118,,,
8818,7.811989628,,,
8819,8.858310642,,,
8820,9.670997153,,,
8821,10.58065854,,,
8822,11.53631192,,,
8823,9.712840204,,,
8824,10.84004714,,,
8825,6.695177572,,,
8826,8.675212614,,,
8827,9.491842719,,,
8828,11.66023318,,,
8829,8.249225146,,,
8830,7.081739657,,,
8831,11.73211238,,,
8832,10.08863191,,,
8833,8.922229557,,,
8834,13.50473823,,,
8835,11.41318764,,,
8836,7.318801466,,,
8837,7.944494711,,,
8838,7.92052845,,,
8839,8.873222985,,,
8840,10.46780038,,,
8841,8.99748818,,,
8842,12.64347394,,,
8843,9.24794044,,,
8844,12.8346321,,,
8845,8.639179526,,,
8846,7.696797793,,,
8847,10.19902085,,,
8848,7.282573288,,,
8849,9.652459525,,,
8850,10.44375164,,,
8851,5.914210115,,,
8852,8.378204229,,,
8853,10.4718741,,,
8854,7.178173855,,,
8855,9.97899051,,,
8856,10.49121466,,,
8857,10.01164506,,,
8858,5.884762667,,,
8859,7.798580461,,,
8860,8.45164449,,,
8861,6.9707343,,,
8862,10.27259502,,,
8863,9.52856458,,,
8864,6.797105035,,,
8865,9.870852311,,,
8866,7.496967987,,,
8867,10.61298644,,,
8868,11.37180262,,,
8869,10.57082963,,,
8870,9.990750795,,,
8871,6.790559631,,,
8872,10.85933012,,,
8873,9.286435704,,,
8874,12.18682779,,,
8875,10.28200101,,,
8876,12.03538693,,,
8877,7.005681679,,,
8878,9.256077183,,,
8879,7.581032562,,,
8880,8.732441157,,,
8881,13.32853265,,,
8882,12.66569513,,,
8883,14.33762597,,,
8884,8.864882173,,,
8885,8.477999941,,,
8886,7.389181549,,,
8887,10.16128368,,,
8888,10.6259103,,,
8889,7.800018743,,,
8890,12.08944065,,,
8891,6.908104845,,,
8892,8.018985625,,,
8893,9.720179256,,,
8894,11.23380015,,,
8895,9.196418911,,,
8896,6.022537017,,,
8897,9.064229237,,,
8898,8.388832857,,,
8899,8.683907444,,,
8900,8.191626705,,,
8901,12.54556424,,,
8902,8.082515237,,,
8903,9.563613288,,,
8904,4.853643749,,,
8905,8.353141916,,,
8906,10.3435437,,,
8907,10.26441567,,,
8908,10.34126345,,,
8909,11.12459233,,,
8910,8.178992729,,,
8911,9.915892645,,,
8912,8.881351437,,,
8913,7.294900395,,,
8914,9.271184558,,,
8915,9.754164255,,,
8916,9.574887706,,,
8917,10.01807102,,,
8918,4.183103231,,,
8919,14.08917219,,,
8920,9.20942209,,,
8921,8.763353324,,,
8922,6.222989455,,,
8923,6.79970344,,,
8924,8.209042043,,,
8925,8.762356907,,,
8926,10.88053665,,,
8927,10.99103548,,,
8928,9.779646563,,,
8929,6.307650481,,,
8930,5.53290502,,,
8931,12.74059784,,,
8932,9.522283882,,,
8933,12.01451935,,,
8934,8.16809065,,,
8935,12.48922278,,,
8936,9.102667818,,,
8937,13.90245555,,,
8938,9.515688926,,,
8939,12.03912565,,,
8940,7.558345563,,,
8941,8.943532538,,,
8942,8.12353058,,,
8943,6.475637149,,,
8944,10.27122311,,,
8945,10.21225285,,,
8946,7.878120491,,,
8947,10.22238827,,,
8948,11.1714896,,,
8949,6.303196408,,,
8950,13.55113246,,,
8951,9.500812954,,,
8952,7.372383925,,,
8953,9.252032814,,,
8954,8.257212455,,,
8955,9.06634004,,,
8956,9.119744133,,,
8957,6.885302905,,,
8958,6.172966416,,,
8959,8.458887793,,,
8960,5.758735047,,,
8961,9.246157637,,,
8962,6.894307342,,,
8963,10.26175935,,,
8964,10.38597626,,,
8965,9.24653902,,,
8966,12.20458844,,,
8967,10.7088755,,,
8968,8.336616916,,,
8969,9.645723709,,,
8970,10.15011043,,,
8971,7.81695551,,,
8972,7.716969824,,,
8973,5.947236971,,,
8974,9.119965777,,,
8975,9.640830599,,,
8976,9.597520223,,,
8977,13.23465064,,,
8978,7.095998961,,,
8979,9.010380463,,,
8980,7.710548144,,,
8981,8.048884511,,,
8982,6.125577013,,,
8983,8.410259428,,,
8984,8.74938625,,,
8985,10.91454687,,,
8986,9.088183203,,,
8987,10.4704636,,,
8988,10.29838548,,,
8989,9.929884996,,,
8990,7.433516166,,,
8991,7.373675429,,,
8992,9.005043055,,,
8993,9.820492325,,,
8994,7.551290862,,,
8995,9.359223111,,,
8996,11.94343738,,,
8997,6.40883402,,,
8998,9.714515648,,,
8999,4.599459078,,,
9000,11.70000169,,,
9001,13.22476762,,,
9002,9.710397348,,,
9003,5.461870113,,,
9004,10.984348,,,
9005,9.893447736,,,
9006,9.57475179,,,
9007,10.93739175,,,
9008,8.729958003,,,
9009,11.6230657,,,
9010,11.26804151,,,
9011,10.64366953,,,
9012,10.2906772,,,
9013,12.48970322,,,
9014,10.6383135,,,
9015,9.917978996,,,
9016,6.558530576,,,
9017,10.1976939,,,
9018,10.67111081,,,
9019,11.72994556,,,
9020,15.2057592,,,
9021,9.906026147,,,
9022,11.01622285,,,
9023,11.46033239,,,
9024,9.029312132,,,
9025,7.762454694,,,
9026,10.44451295,,,
9027,8.933175965,,,
9028,9.657464734,,,
9029,8.438590721,,,
9030,10.47506642,,,
9031,11.40418801,,,
9032,9.085879924,,,
9033,11.6945304,,,
9034,7.272753425,,,
9035,10.65727128,,,
9036,6.503689812,,,
9037,10.14058331,,,
9038,10.6492917,,,
9039,8.472583503,,,
9040,10.35783076,,,
9041,10.27803181,,,
9042,9.016942628,,,
9043,12.11113319,,,
9044,6.870412986,,,
9045,10.31983961,,,
9046,8.499093711,,,
9047,9.537586122,,,
9048,8.900420354,,,
9049,8.252721573,,,
9050,11.61826378,,,
9051,9.741644254,,,
9052,12.86592443,,,
9053,7.096284726,,,
9054,8.914724891,,,
9055,6.975713124,,,
9056,8.068093364,,,
9057,5.689536411,,,
9058,10.69399512,,,
9059,8.05330037,,,
9060,11.66017959,,,
9061,9.629880383,,,
9062,7.666162724,,,
9063,8.553499167,,,
9064,10.32218547,,,
9065,9.533805083,,,
9066,8.990080343,,,
9067,5.73518115,,,
9068,11.2493231,,,
9069,7.110353499,,,
9070,10.86758139,,,
9071,9.916339088,,,
9072,7.924605806,,,
9073,11.21729464,,,
9074,9.46122212,,,
9075,6.04887781,,,
9076,9.407260515,,,
9077,8.971741721,,,
9078,10.67608299,,,
9079,10.34371067,,,
9080,10.23731602,,,
9081,11.4857681,,,
9082,8.85254713,,,
9083,11.0789374,,,
9084,13.27252673,,,
9085,12.09286929,,,
9086,8.473897185,,,
9087,12.80832918,,,
9088,10.84736276,,,
9089,8.563587483,,,
9090,10.333476,,,
9091,9.583711194,,,
9092,10.39231561,,,
9093,8.813145702,,,
9094,7.480261716,,,
9095,6.847948453,,,
9096,7.095539105,,,
9097,10.45447863,,,
9098,6.93260218,,,
9099,8.951732567,,,
9100,9.247943684,,,
9101,8.908776264,,,
9102,10.10310122,,,
9103,9.627926386,,,
9104,7.443391607,,,
9105,9.055456354,,,
9106,13.28374356,,,
9107,10.59147706,,,
9108,7.772170829,,,
9109,8.011948543,,,
9110,10.51011876,,,
9111,5.451819877,,,
9112,8.247990745,,,
9113,7.888556124,,,
9114,8.956391909,,,
9115,10.72168985,,,
9116,8.265562808,,,
9117,11.02975691,,,
9118,9.308776359,,,
9119,10.66245748,,,
9120,8.669218567,,,
9121,8.604577166,,,
9122,6.692777857,,,
9123,11.41365905,,,
9124,6.846559372,,,
9125,10.72927464,,,
9126,11.06856906,,,
9127,7.672688442,,,
9128,9.899015932,,,
9129,12.37158139,,,
9130,5.689889764,,,
9131,10.28897253,,,
9132,8.8060618,,,
9133,5.626082833,,,
9134,10.56709569,,,
9135,12.42548438,,,
9136,5.803393054,,,
9137,8.451407867,,,
9138,12.31983074,,,
9139,6.381345255,,,
9140,8.376843377,,,
9141,8.183384864,,,
9142,7.778571303,,,
9143,12.29977588,,,
9144,11.4792727,,,
9145,8.522136207,,,
9146,9.217568633,,,
9147,5.719143539,,,
9148,9.889544049,,,
9149,9.838152161,,,
9150,10.18580301,,,
9151,13.26020178,,,
9152,10.88994542,,,
9153,11.17859957,,,
9154,11.19152603,,,
9155,11.40623442,,,
9156,8.892077314,,,
9157,8.963693019,,,
9158,11.66273465,,,
9159,10.92223433,,,
9160,8.599094404,,,
9161,5.962700506,,,
9162,9.71418077,,,
9163,10.89719813,,,
9164,8.201119506,,,
9165,11.13499818,,,
9166,9.847062625,,,
9167,7.120283347,,,
9168,11.14044497,,,
9169,7.318522488,,,
9170,8.649906022,,,
9171,9.980293111,,,
9172,7.281619408,,,
9173,9.897608254,,,
9174,7.873123825,,,
9175,10.51436759,,,
9176,8.043917101,,,
9177,11.43693344,,,
9178,8.494941725,,,
9179,12.64727436,,,
9180,8.769167767,,,
9181,11.19309514,,,
9182,6.509078605,,,
9183,11.55338609,,,
9184,6.501624997,,,
9185,10.5987611,,,
9186,7.534244439,,,
9187,8.633363866,,,
9188,9.850284415,,,
9189,9.177858321,,,
9190,7.932586366,,,
9191,6.906854451,,,
9192,7.50596378,,,
9193,8.784318787,,,
9194,7.864144881,,,
9195,9.82252999,,,
9196,11.10748229,,,
9197,8.964938632,,,
9198,5.849532251,,,
9199,8.892864543,,,
9200,11.5121809,,,
9201,8.203754716,,,
9202,8.431800921,,,
9203,13.39133715,,,
9204,7.104190643,,,
9205,10.03619795,,,
9206,8.634193999,,,
9207,8.556326995,,,
9208,8.752064804,,,
9209,8.689113508,,,
9210,10.74782156,,,
9211,8.470889015,,,
9212,9.500297467,,,
9213,7.933087709,,,
9214,10.99240992,,,
9215,8.928200711,,,
9216,8.464938231,,,
9217,9.913185154,,,
9218,9.745993181,,,
9219,10.78429168,,,
9220,12.19288601,,,
9221,8.987586383,,,
9222,11.44318988,,,
9223,8.469315139,,,
9224,11.89836092,,,
9225,8.156681907,,,
9226,15.20876356,,,
9227,6.445429628,,,
9228,6.356920903,,,
9229,12.03772782,,,
9230,10.46627834,,,
9231,7.668144231,,,
9232,8.297232537,,,
9233,9.472375832,,,
9234,10.25112793,,,
9235,9.27943527,,,
9236,10.78488348,,,
9237,8.283260769,,,
9238,8.29724092,,,
9239,7.331901537,,,
9240,10.884297,,,
9241,5.67272194,,,
9242,8.741841922,,,
9243,10.63948292,,,
9244,9.722937926,,,
9245,6.923533717,,,
9246,9.541775426,,,
9247,10.54307745,,,
9248,6.683916002,,,
9249,8.760451061,,,
9250,10.49313207,,,
9251,7.567180465,,,
9252,5.975684687,,,
9253,12.1233253,,,
9254,9.193902309,,,
9255,9.518997187,,,
9256,10.85148613,,,
9257,8.975906041,,,
9258,11.69852089,,,
9259,8.553453468,,,
9260,11.53974907,,,
9261,8.512942839,,,
9262,10.44110085,,,
9263,11.15296512,,,
9264,13.90713886,,,
9265,11.36046539,,,
9266,8.847295425,,,
9267,4.758178452,,,
9268,9.861644904,,,
9269,11.28589037,,,
9270,7.927864161,,,
9271,8.165715163,,,
9272,12.06072278,,,
9273,10.35451307,,,
9274,7.338843951,,,
9275,10.17000865,,,
9276,6.217297626,,,
9277,11.44827499,,,
9278,9.141765969,,,
9279,7.219776329,,,
9280,9.92487729,,,
9281,9.505418851,,,
9282,9.323499441,,,
9283,7.573717849,,,
9284,8.89430732,,,
9285,9.812595467,,,
9286,9.466841,,,
9287,9.328613823,,,
9288,6.041557328,,,
9289,10.50097982,,,
9290,9.856977994,,,
9291,10.97173383,,,
9292,8.596000293,,,
9293,10.61734669,,,
9294,9.331866054,,,
9295,8.79101273,,,
9296,12.13070277,,,
9297,9.399751329,,,
9298,11.89113452,,,
9299,7.929759121,,,
9300,7.005135061,,,
9301,11.04644577,,,
9302,8.700361008,,,
9303,8.998375871,,,
9304,10.79390572,,,
9305,15.49445896,,,
9306,11.82733413,,,
9307,7.999459997,,,
9308,6.624597277,,,
9309,9.200055538,,,
9310,8.380842654,,,
9311,5.390743294,,,
9312,7.451275984,,,
9313,8.607763317,,,
9314,10.08350105,,,
9315,8.02987659,,,
9316,10.49160798,,,
9317,8.492690419,,,
9318,5.176476323,,,
9319,9.501926029,,,
9320,9.276912585,,,
9321,9.993946654,,,
9322,12.71582918,,,
9323,13.15379102,,,
9324,10.83752001,,,
9325,7.977557486,,,
9326,10.40444394,,,
9327,12.36210569,,,
9328,8.648467904,,,
9329,9.493576759,,,
9330,11.85916334,,,
9331,12.65577485,,,
9332,9.323711872,,,
9333,8.577643002,,,
9334,10.94467827,,,
9335,10.02578315,,,
9336,9.685807637,,,
9337,10.6555906,,,
9338,10.2495554,,,
9339,3.035616314,,,
9340,8.82093262,,,
9341,8.360249296,,,
9342,11.69322842,,,
9343,9.236113948,,,
9344,9.310903885,,,
9345,12.6243941,,,
9346,7.869989173,,,
9347,8.063808632,,,
9348,9.889176412,,,
9349,10.80384638,,,
9350,9.553203067,,,
9351,8.536781031,,,
9352,6.448487094,,,
9353,10.75094147,,,
9354,10.38053797,,,
9355,8.000465167,,,
9356,7.039378762,,,
9357,8.089291745,,,
9358,8.20782742,,,
9359,7.832638455,,,
9360,4.636321089,,,
9361,10.24217038,,,
9362,7.580221132,,,
9363,9.1936192,,,
9364,8.383547919,,,
9365,10.43992897,,,
9366,8.609203037,,,
9367,7.258251933,,,
9368,11.94936238,,,
9369,9.718169011,,,
9370,6.628026301,,,
9371,10.60707263,,,
9372,11.76311402,,,
9373,7.600125628,,,
9374,5.939948818,,,
9375,11.44865726,,,
9376,9.082976998,,,
9377,6.55078009,,,
9378,10.25979368,,,
9379,2.799121634,,,
9380,11.25300008,,,
9381,8.510462852,,,
9382,10.92249495,,,
9383,9.157240782,,,
9384,9.878729733,,,
9385,10.05300159,,,
9386,9.360560508,,,
9387,11.26091505,,,
9388,8.850147289,,,
9389,9.868541848,,,
9390,10.08303836,,,
9391,6.78665293,,,
9392,9.423845877,,,
9393,8.045307544,,,
9394,6.838801441,,,
9395,8.900152574,,,
9396,8.587196253,,,
9397,8.78499588,,,
9398,5.084645698,,,
9399,10.6369852,,,
9400,7.545008289,,,
9401,9.118589332,,,
9402,10.94035511,,,
9403,10.35321443,,,
9404,13.81245118,,,
9405,10.47566781,,,
9406,8.375205884,,,
9407,10.52722374,,,
9408,12.4397625,,,
9409,9.95691412,,,
9410,7.969993619,,,
9411,9.804317776,,,
9412,14.47824674,,,
9413,9.666029397,,,
9414,7.210247007,,,
9415,9.899639218,,,
9416,9.078395157,,,
9417,9.935658295,,,
9418,6.129222595,,,
9419,7.040026107,,,
9420,6.394474386,,,
9421,11.15355278,,,
9422,6.687964817,,,
9423,10.00397746,,,
9424,10.21259737,,,
9425,9.597104457,,,
9426,10.74609316,,,
9427,9.048663683,,,
9428,10.0670625,,,
9429,7.153215741,,,
9430,6.224240654,,,
9431,8.612019725,,,
9432,11.58397585,,,
9433,16.98525558,,,
9434,9.531265051,,,
9435,10.69298071,,,
9436,11.54056097,,,
9437,4.655878717,,,
9438,12.1797482,,,
9439,11.50261062,,,
9440,6.544161477,,,
9441,11.6745314,,,
9442,8.968953226,,,
9443,10.26997548,,,
9444,8.591414515,,,
9445,9.799863647,,,
9446,11.78318682,,,
9447,6.713234185,,,
9448,5.977309011,,,
9449,8.868842606,,,
9450,8.941628128,,,
9451,9.237169443,,,
9452,8.557542792,,,
9453,8.727851639,,,
9454,9.592316067,,,
9455,10.22648929,,,
9456,10.0751195,,,
9457,6.083040957,,,
9458,13.47271417,,,
9459,14.20267028,,,
9460,7.668260037,,,
9461,11.35736466,,,
9462,12.19209396,,,
9463,11.16874696,,,
9464,6.495630411,,,
9465,8.469828523,,,
9466,9.357709561,,,
9467,10.73254942,,,
9468,7.495698226,,,
9469,12.4703383,,,
9470,10.57989573,,,
9471,5.280302634,,,
9472,8.010692007,,,
9473,12.66445577,,,
9474,6.37842863,,,
9475,8.074379348,,,
9476,11.09662736,,,
9477,7.376425806,,,
9478,15.12684913,,,
9479,11.57807166,,,
9480,11.83058501,,,
9481,5.058879117,,,
9482,5.847073866,,,
9483,10.07328662,,,
9484,9.271333875,,,
9485,10.68490237,,,
9486,8.796962122,,,
9487,9.02029928,,,
9488,9.240251023,,,
9489,7.314508661,,,
9490,12.9709288,,,
9491,12.5196963,,,
9492,6.580838661,,,
9493,7.695940437,,,
9494,10.30157283,,,
9495,8.784761257,,,
9496,6.733899069,,,
9497,9.681753588,,,
9498,12.42985944,,,
9499,12.62854127,,,
9500,10.56597765,,,
9501,9.95350888,,,
9502,9.458540258,,,
9503,7.091522747,,,
9504,7.95705123,,,
9505,9.599630073,,,
9506,13.82538356,,,
9507,11.17380395,,,
9508,13.01761735,,,
9509,11.38002341,,,
9510,9.625159436,,,
9511,14.68641359,,,
9512,9.424309626,,,
9513,12.65083028,,,
9514,9.945404461,,,
9515,11.56996332,,,
9516,7.792333936,,,
9517,6.563635602,,,
9518,8.582557899,,,
9519,9.913659526,,,
9520,10.20074369,,,
9521,9.538949603,,,
9522,10.28463436,,,
9523,8.151298372,,,
9524,9.543012965,,,
9525,11.01730439,,,
9526,10.72966815,,,
9527,8.977972533,,,
9528,9.184757067,,,
9529,9.853622159,,,
9530,8.5047711,,,
9531,11.23414835,,,
9532,12.11833583,,,
9533,11.54903297,,,
9534,8.788840249,,,
9535,10.44701533,,,
9536,10.3071434,,,
9537,14.51275301,,,
9538,8.272624453,,,
9539,10.26074666,,,
9540,8.037972297,,,
9541,7.038884421,,,
9542,9.123910785,,,
9543,14.16948248,,,
9544,8.701669789,,,
9545,8.874306219,,,
9546,10.2646054,,,
9547,9.873326721,,,
9548,9.644295412,,,
9549,9.893469312,,,
9550,11.47514662,,,
9551,8.97580984,,,
9552,8.484395309,,,
9553,11.42494379,,,
9554,7.586577206,,,
9555,8.329600683,,,
9556,8.732518967,,,
9557,10.12120475,,,
9558,8.697079918,,,
9559,9.654176017,,,
9560,6.443515117,,,
9561,9.608970635,,,
9562,8.720586366,,,
9563,12.54857583,,,
9564,8.268978692,,,
9565,10.19563954,,,
9566,9.970880666,,,
9567,9.448056506,,,
9568,10.45572836,,,
9569,7.147463454,,,
9570,6.177181272,,,
9571,8.879933562,,,
9572,10.84490406,,,
9573,6.154414155,,,
9574,7.984770289,,,
9575,11.57628808,,,
9576,10.96166138,,,
9577,10.34488164,,,
9578,10.28281361,,,
9579,11.17289187,,,
9580,10.19725762,,,
9581,10.75526359,,,
9582,11.93610896,,,
9583,9.483896961,,,
9584,9.023723601,,,
9585,10.07544139,,,
9586,12.09350697,,,
9587,9.652933503,,,
9588,10.64440889,,,
9589,6.521341297,,,
9590,7.905447299,,,
9591,6.201532227,,,
9592,10.46306965,,,
9593,4.798871129,,,
9594,12.36285405,,,
9595,7.627088115,,,
9596,9.808100598,,,
9597,11.83565873,,,
9598,12.69614071,,,
9599,9.796459036,,,
9600,10.11372785,,,
9601,8.193942732,,,
9602,9.700270738,,,
9603,14.53763973,,,
9604,6.943851964,,,
9605,10.3086178,,,
9606,11.29977953,,,
9607,8.31123091,,,
9608,7.926458936,,,
9609,11.99405722,,,
9610,14.2903093,,,
9611,9.934185433,,,
9612,10.281457,,,
9613,12.97319931,,,
9614,9.495218592,,,
9615,9.681154622,,,
9616,11.84654174,,,
9617,11.26218077,,,
9618,11.16735762,,,
9619,8.345790483,,,
9620,4.652558044,,,
9621,9.844458492,,,
9622,10.95611157,,,
9623,11.50161091,,,
9624,6.974612954,,,
9625,7.118542479,,,
9626,7.667432537,,,
9627,10.74929331,,,
9628,9.749727558,,,
9629,10.0947492,,,
9630,9.272736097,,,
9631,9.210865884,,,
9632,7.750116401,,,
9633,6.373301495,,,
9634,13.04426063,,,
9635,8.064802171,,,
9636,7.456564826,,,
9637,10.62621358,,,
9638,7.356156073,,,
9639,10.07358565,,,
9640,11.54750779,,,
9641,10.58785324,,,
9642,9.800540095,,,
9643,10.34700965,,,
9644,8.374618306,,,
9645,10.11591646,,,
9646,11.05094441,,,
9647,12.94284765,,,
9648,9.496675909,,,
9649,9.944061491,,,
9650,6.337015162,,,
9651,12.12491683,,,
9652,10.0454139,,,
9653,8.576661815,,,
9654,8.624550821,,,
9655,9.663194136,,,
9656,9.109066572,,,
9657,7.9573004,,,
9658,8.742094144,,,
9659,9.040779733,,,
9660,11.61791377,,,
9661,9.115810571,,,
9662,8.709941333,,,
9663,11.95261212,,,
9664,12.78336081,,,
9665,9.712474018,,,
9666,8.323729012,,,
9667,8.921982931,,,
9668,8.770174411,,,
9669,7.603476703,,,
9670,7.76256893,,,
9671,8.352601773,,,
9672,7.573575499,,,
9673,11.14094312,,,
9674,9.825390742,,,
9675,8.681553499,,,
9676,12.01286149,,,
9677,10.57996603,,,
9678,8.672300501,,,
9679,9.041762969,,,
9680,8.15963355,,,
9681,8.341761844,,,
9682,11.22335671,,,
9683,9.59271404,,,
9684,10.17731275,,,
9685,10.42416259,,,
9686,9.315524927,,,
9687,10.66212377,,,
9688,11.58911958,,,
9689,10.57317827,,,
9690,11.85849559,,,
9691,10.97485945,,,
9692,10.52134519,,,
9693,9.311917384,,,
9694,9.512067799,,,
9695,6.61780952,,,
9696,12.62217547,,,
9697,9.840312821,,,
9698,8.410881189,,,
9699,12.29790879,,,
9700,9.832984079,,,
9701,11.91316557,,,
9702,7.862819958,,,
9703,9.940941633,,,
9704,9.085867229,,,
9705,7.083272599,,,
9706,11.16352331,,,
9707,9.353804527,,,
9708,7.953432533,,,
9709,10.38316041,,,
9710,12.15507606,,,
9711,10.20827559,,,
9712,11.47623431,,,
9713,8.221208671,,,
9714,10.0910791,,,
9715,7.530023542,,,
9716,6.047249479,,,
9717,14.77708414,,,
9718,10.07040283,,,
9719,9.36958258,,,
9720,8.897720426,,,
9721,8.449223193,,,
9722,10.92866769,,,
9723,14.00590318,,,
9724,8.140484178,,,
9725,8.269490227,,,
9726,11.94931623,,,
9727,10.14366386,,,
9728,11.74874677,,,
9729,9.938159541,,,
9730,9.877397198,,,
9731,11.25327049,,,
9732,9.670743688,,,
9733,6.573915468,,,
9734,8.646034136,,,
9735,6.98190223,,,
9736,7.795325324,,,
9737,7.934139354,,,
9738,6.463828246,,,
9739,9.040772843,,,
9740,4.936347696,,,
9741,6.216289098,,,
9742,10.00296714,,,
9743,11.32775926,,,
9744,11.30096795,,,
9745,9.737687009,,,
9746,5.122468569,,,
9747,4.356960123,,,
9748,8.432658096,,,
9749,10.59475384,,,
9750,10.33149918,,,
9751,16.48975724,,,
9752,9.880442931,,,
9753,8.4597567,,,
9754,7.982379886,,,
9755,11.9591906,,,
9756,8.954263019,,,
9757,10.33249569,,,
9758,10.93377378,,,
9759,6.429019257,,,
9760,8.223063898,,,
9761,11.76912101,,,
9762,10.80392786,,,
9763,8.945281572,,,
9764,7.019391276,,,
9765,11.70762265,,,
9766,12.40443354,,,
9767,10.65924949,,,
9768,11.44278247,,,
9769,9.021835523,,,
9770,8.423550868,,,
9771,12.05636766,,,
9772,12.49075133,,,
9773,8.278503859,,,
9774,7.906279176,,,
9775,10.40078796,,,
9776,8.159103407,,,
9777,4.092704828,,,
9778,11.85817863,,,
9779,5.863190798,,,
9780,7.88588275,,,
9781,6.916654898,,,
9782,8.662362739,,,
9783,8.145251279,,,
9784,7.806323512,,,
9785,9.96171327,,,
9786,10.75136714,,,
9787,9.271759044,,,
9788,8.848107238,,,
9789,12.91320885,,,
9790,6.42528148,,,
9791,10.13891755,,,
9792,8.077516554,,,
9793,11.05740821,,,
9794,8.215679648,,,
9795,10.07121699,,,
9796,7.711047122,,,
9797,11.02787205,,,
9798,9.228363257,,,
9799,9.62415499,,,
9800,6.58082884,,,
9801,8.668500495,,,
9802,8.659720898,,,
9803,13.78287387,,,
9804,7.984789536,,,
9805,11.14147374,,,
9806,7.183098375,,,
9807,10.88164274,,,
9808,10.37436554,,,
9809,10.99734689,,,
9810,12.3181769,,,
9811,5.473040862,,,
9812,7.107760097,,,
9813,8.555382399,,,
9814,6.677637471,,,
9815,8.89973336,,,
9816,8.645933183,,,
9817,9.274771096,,,
9818,9.771983924,,,
9819,10.1542269,,,
9820,9.359082132,,,
9821,6.60762129,,,
9822,11.46102659,,,
9823,7.738729761,,,
9824,8.526481354,,,
9825,6.367856666,,,
9826,6.930885644,,,
9827,9.373229551,,,
9828,7.232426544,,,
9829,6.189779391,,,
9830,10.26634407,,,
9831,9.927766853,,,
9832,6.095272437,,,
9833,6.780329637,,,
9834,8.125920339,,,
9835,11.05000358,,,
9836,10.10354569,,,
9837,11.397019,,,
9838,13.1488004,,,
9839,7.371890445,,,
9840,11.02642077,,,
9841,9.213062916,,,
9842,8.95962401,,,
9843,8.555931682,,,
9844,9.347979509,,,
9845,6.323079359,,,
9846,11.47866508,,,
9847,9.427107957,,,
9848,9.207377474,,,
9849,9.552105281,,,
9850,8.088058233,,,
9851,9.364191795,,,
9852,7.601404043,,,
9853,9.177358639,,,
9854,8.134612121,,,
9855,7.952702556,,,
9856,6.030732089,,,
9857,9.567292498,,,
9858,9.623743231,,,
9859,10.99373613,,,
9860,5.247862854,,,
9861,12.65789763,,,
9862,9.782283657,,,
9863,8.797643407,,,
9864,8.750270116,,,
9865,8.434577546,,,
9866,9.042752697,,,
9867,11.15470368,,,
9868,6.640002869,,,
9869,9.212861565,,,
9870,11.31001627,,,
9871,13.97264919,,,
9872,10.69041226,,,
9873,7.378089454,,,
9874,11.43079047,,,
9875,9.054689634,,,
9876,9.487729139,,,
9877,13.17776352,,,
9878,9.88871985,,,
9879,12.55843094,,,
9880,11.0915292,,,
9881,10.75102637,,,
9882,9.636843217,,,
9883,9.289841456,,,
9884,8.118361327,,,
9885,11.80657698,,,
9886,10.74841463,,,
9887,7.532592747,,,
9888,6.380862339,,,
9889,9.022818399,,,
9890,9.150961753,,,
9891,7.297604663,,,
9892,11.96180227,,,
9893,7.662051476,,,
9894,7.568480324,,,
9895,8.678179467,,,
9896,10.40556953,,,
9897,6.981067031,,,
9898,10.82500507,,,
9899,8.596284145,,,
9900,8.182280972,,,
9901,10.21857539,,,
9902,9.328241655,,,
9903,13.44693735,,,
9904,7.009790665,,,
9905,6.939024878,,,
9906,10.41208241,,,
9907,7.410303124,,,
9908,10.77505536,,,
9909,9.786461973,,,
9910,11.01148995,,,
9911,9.984297094,,,
9912,6.233234203,,,
9913,6.38235152,,,
9914,12.4862935,,,
9915,9.184384832,,,
9916,11.03915607,,,
9917,5.048155481,,,
9918,6.933655394,,,
9919,7.191221076,,,
9920,10.63923979,,,
9921,7.355715191,,,
9922,8.724420443,,,
9923,8.091478731,,,
9924,10.15063689,,,
9925,8.536527841,,,
9926,9.363507209,,,
9927,13.24680831,,,
9928,9.056156072,,,
9929,9.8719438,,,
9930,11.03415306,,,
9931,7.871396905,,,
9932,7.340869355,,,
9933,9.268631392,,,
9934,9.263378066,,,
9935,6.083364038,,,
9936,10.61152884,,,
9937,8.316562289,,,
9938,12.04271063,,,
9939,11.2681369,,,
9940,9.641210469,,,
9941,8.928403583,,,
9942,7.664108864,,,
9943,8.776283826,,,
9944,9.187860152,,,
9945,8.824398789,,,
9946,10.52668688,,,
9947,10.17443401,,,
9948,8.817264104,,,
9949,8.09897767,,,
9950,7.640268837,,,
9951,10.58354079,,,
9952,11.30987105,,,
9953,8.352401953,,,
9954,7.965419812,,,
9955,8.631177962,,,
9956,12.44506846,,,
9957,7.3357214,,,
9958,8.769659985,,,
9959,11.42197954,,,
9960,14.10752715,,,
9961,9.726117566,,,
9962,8.638064735,,,
9963,8.394721578,,,
9964,10.66802517,,,
9965,8.421628016,,,
9966,6.737893421,,,
9967,10.70680382,,,
9968,13.28953716,,,
9969,6.800975286,,,
9970,4.033340042,,,
9971,8.449503596,,,
9972,10.63277795,,,
9973,9.199705265,,,
9974,12.33895623,,,
9975,7.85061166,,,
9976,8.667822636,,,
9977,8.030112326,,,
9978,5.801449776,,,
9979,6.165728909,,,
9980,10.58137933,,,
9981,10.78071293,,,
9982,9.335199588,,,
9983,10.00820683,,,
9984,9.601101264,,,
9985,11.86476112,,,
9986,8.145489097,,,
9987,9.669803201,,,
9988,11.33040521,,,
9989,7.251752648,,,
9990,9.886702315,,,
9991,6.708108344,,,
9992,13.42874986,,,
9993,10.97199125,,,
9994,9.192956972,,,
9995,8.173894215,,,
9996,11.74728933,,,
9997,7.44323185,,,
9998,12.41619643,,,
9999,9.72091462,,,
10000,12.07565845,,,
